# Tone frequency (Hz)	Measured Fidelity	Simulated Fidelity	Frequency (Hz)	Analytic Fidelity
2.000000000000000000e+04 7.885739200000000185e-03 5.730161843648848197e-08 1.591549430918953456e-01 9.999999999999988898e-01
2.020000000000000000e+04 1.078204500000000052e-02 4.015811605716992754e-07 9.549296585513720004e+01 9.999999999999991118e-01
2.040000000000000000e+04 1.380966999999999958e-02 2.154499826363889887e-06 1.909859317102744001e+02 9.999999999999993339e-01
2.060000000000000000e+04 1.051910999999999992e-02 9.411605696427733148e-06 2.864788975654116143e+02 9.999999999999996669e-01
2.080000000000000000e+04 1.002362199999999939e-02 3.475424413780414976e-05 3.819718634205488001e+02 9.999999999999998890e-01
2.100000000000000000e+04 8.539024699999999898e-03 1.116360247672994985e-04 4.774648292756860428e+02 1.000000000000000000e+00
2.120000000000000000e+04 5.233762299999999978e-03 3.177327065538455820e-04 5.729577951308232286e+02 9.999999999999997780e-01
2.140000000000000000e+04 1.667768299999999870e-02 8.122341054420352058e-04 6.684507609859604145e+02 9.999999999999995559e-01
2.160000000000000000e+04 1.871033000000000071e-02 1.883670241782590959e-03 7.639437268410976003e+02 9.999999999999992228e-01
2.180000000000000000e+04 2.088590200000000133e-02 3.994063303016133840e-03 8.594366926962348998e+02 9.999999999999990008e-01
2.200000000000000000e+04 2.039958700000000028e-02 7.786394161375777626e-03 9.549296585513720856e+02 9.999999999999988898e-01
2.220000000000000000e+04 2.301327099999999834e-02 1.401589098903241980e-02 1.050422624406509158e+03 9.999999999999991118e-01
2.240000000000000000e+04 3.237100300000000236e-02 2.336497638827251047e-02 1.145915590261646457e+03 9.999999999999994449e-01
2.260000000000000000e+04 4.740551099999999740e-02 3.614207408486642265e-02 1.241408556116783757e+03 9.999999999999997780e-01
2.280000000000000000e+04 5.367928699999999914e-02 5.194738881030520200e-02 1.336901521971920829e+03 1.000000000000000000e+00
2.300000000000000000e+04 7.702846100000000640e-02 6.942367250812250812e-02 1.432394487827058128e+03 1.000000000000000000e+00
2.320000000000000000e+04 9.900966999999999407e-02 8.627099201525560701e-02 1.527887453682195201e+03 9.999999999999997780e-01
2.340000000000000000e+04 1.042983900000000047e-01 9.956636780311846346e-02 1.623380419537332500e+03 9.999999999999993339e-01
2.360000000000000000e+04 1.132419600000000026e-01 1.063657751565745962e-01 1.718873385392469800e+03 9.999999999999991118e-01
2.380000000000000000e+04 1.112825699999999973e-01 1.044393202565681023e-01 1.814366351247606872e+03 9.999999999999988898e-01
2.400000000000000000e+04 1.033256899999999978e-01 9.296607967698286568e-02 1.909859317102744171e+03 9.999999999999990008e-01
2.420000000000000000e+04 8.505367499999999525e-02 7.312898625337377334e-02 2.005352282957881243e+03 9.999999999999992228e-01
2.440000000000000000e+04 5.365642500000000065e-02 4.837219549376373801e-02 2.100845248813018316e+03 9.999999999999995559e-01
2.460000000000000000e+04 2.770949199999999876e-02 2.407020157152146150e-02 2.196338214668155615e+03 9.999999999999997780e-01
2.480000000000000000e+04 1.985582199999999867e-02 6.318631365284146581e-03 2.291831180523292915e+03 1.000000000000000000e+00
2.500000000000000000e+04 1.195013600000000009e-02 4.002364504953051813e-06 2.387324146378430214e+03 9.999999999999998890e-01
2.520000000000000000e+04 1.103167799999999962e-02 6.945965764496186967e-03 2.482817112233567514e+03 9.999999999999995559e-01
2.540000000000000000e+04 3.504074699999999709e-02 2.514684294087007888e-02 2.578310078088704358e+03 9.999999999999993339e-01
2.560000000000000000e+04 6.761555399999999438e-02 4.961216352205614910e-02 2.673803043943841658e+03 9.999999999999990008e-01
2.580000000000000000e+04 8.854630600000000518e-02 7.424240630882113223e-02 2.769296009798978957e+03 9.999999999999988898e-01
2.600000000000000000e+04 1.052610699999999982e-01 9.373568391081570084e-02 2.864788975654116257e+03 9.999999999999991118e-01
2.620000000000000000e+04 1.091575300000000026e-01 1.047538881658063026e-01 2.960281941509253556e+03 9.999999999999993339e-01
2.640000000000000000e+04 1.277672099999999922e-01 1.062246986987661068e-01 3.055774907364390401e+03 9.999999999999997780e-01
2.660000000000000000e+04 1.184503900000000026e-01 9.904742598333260428e-02 3.151267873219527701e+03 1.000000000000000000e+00
2.680000000000000000e+04 9.590885000000000382e-02 8.550878623141960899e-02 3.246760839074665000e+03 1.000000000000000000e+00
2.700000000000000000e+04 8.807221099999999747e-02 6.856929048620755140e-02 3.342253804929802300e+03 9.999999999999997780e-01
2.720000000000000000e+04 6.428556100000000495e-02 5.112560910767088851e-02 3.437746770784939599e+03 9.999999999999994449e-01
2.740000000000000000e+04 5.062048899999999768e-02 3.544513016819726692e-02 3.533239736640076444e+03 9.999999999999991118e-01
2.760000000000000000e+04 3.021592999999999848e-02 2.283198603374061997e-02 3.628732702495213744e+03 9.999999999999988898e-01
2.780000000000000000e+04 2.340967999999999868e-02 1.364572552455525951e-02 3.724225668350351043e+03 9.999999999999988898e-01
2.800000000000000000e+04 1.467078100000000079e-02 7.552059774532490950e-03 3.819718634205488343e+03 9.999999999999991118e-01
2.820000000000000000e+04 2.533769199999999847e-02 3.858585774121221865e-03 3.915211600060625187e+03 9.999999999999995559e-01
2.840000000000000000e+04 1.174490899999999956e-02 1.812069162220465929e-03 4.010704565915762487e+03 9.999999999999997780e-01
2.860000000000000000e+04 7.231812899999999662e-03 7.778842459070957468e-04 4.106197531770900241e+03 1.000000000000000000e+00
2.880000000000000000e+04 1.094924799999999997e-02 3.027031624655014252e-04 4.201690497626036631e+03 9.999999999999998890e-01
2.900000000000000000e+04 8.932090400000000305e-03 1.057690337132548947e-04 4.297183463481173931e+03 9.999999999999996669e-01
2.920000000000000000e+04 1.509076399999999957e-02 3.271370269307444679e-05 4.392676429336311230e+03 9.999999999999993339e-01
2.940000000000000000e+04 9.725293100000000773e-03 8.793402214418787638e-06 4.488169395191448530e+03 9.999999999999990008e-01
2.960000000000000000e+04 7.003773500000000200e-03 1.999525733739354881e-06 4.583662361046585829e+03 9.999999999999988898e-01
2.980000000000000000e+04 1.547704800000000019e-02 3.698554455160937850e-07 4.679155326901723129e+03 9.999999999999991118e-01
0.000000000000000000e+00 0.000000000000000000e+00 0.000000000000000000e+00 4.774648292756860428e+03 9.999999999999993339e-01
0.000000000000000000e+00 0.000000000000000000e+00 0.000000000000000000e+00 4.870141258611997728e+03 9.999999999999996669e-01
0.000000000000000000e+00 0.000000000000000000e+00 0.000000000000000000e+00 4.965634224467135027e+03 9.999999999999998890e-01
0.000000000000000000e+00 0.000000000000000000e+00 0.000000000000000000e+00 5.061127190322272327e+03 1.000000000000000000e+00
0.000000000000000000e+00 0.000000000000000000e+00 0.000000000000000000e+00 5.156620156177408717e+03 9.999999999999997780e-01
0.000000000000000000e+00 0.000000000000000000e+00 0.000000000000000000e+00 5.252113122032546016e+03 9.999999999999995559e-01
0.000000000000000000e+00 0.000000000000000000e+00 0.000000000000000000e+00 5.347606087887683316e+03 9.999999999999991118e-01
0.000000000000000000e+00 0.000000000000000000e+00 0.000000000000000000e+00 5.443099053742820615e+03 9.999999999999988898e-01
0.000000000000000000e+00 0.000000000000000000e+00 0.000000000000000000e+00 5.538592019597957915e+03 9.999999999999988898e-01
0.000000000000000000e+00 0.000000000000000000e+00 0.000000000000000000e+00 5.634084985453095214e+03 9.999999999999991118e-01
0.000000000000000000e+00 0.000000000000000000e+00 0.000000000000000000e+00 5.729577951308232514e+03 9.999999999999995559e-01
0.000000000000000000e+00 0.000000000000000000e+00 0.000000000000000000e+00 5.825070917163369813e+03 9.999999999999997780e-01
0.000000000000000000e+00 0.000000000000000000e+00 0.000000000000000000e+00 5.920563883018507113e+03 1.000000000000000000e+00
0.000000000000000000e+00 0.000000000000000000e+00 0.000000000000000000e+00 6.016056848873643503e+03 9.999999999999998890e-01
0.000000000000000000e+00 0.000000000000000000e+00 0.000000000000000000e+00 6.111549814728780802e+03 9.999999999999996669e-01
0.000000000000000000e+00 0.000000000000000000e+00 0.000000000000000000e+00 6.207042780583918102e+03 9.999999999999993339e-01
0.000000000000000000e+00 0.000000000000000000e+00 0.000000000000000000e+00 6.302535746439055401e+03 9.999999999999991118e-01
0.000000000000000000e+00 0.000000000000000000e+00 0.000000000000000000e+00 6.398028712294192701e+03 9.999999999999988898e-01
0.000000000000000000e+00 0.000000000000000000e+00 0.000000000000000000e+00 6.493521678149330000e+03 9.999999999999990008e-01
0.000000000000000000e+00 0.000000000000000000e+00 0.000000000000000000e+00 6.589014644004467300e+03 9.999999999999993339e-01
0.000000000000000000e+00 0.000000000000000000e+00 0.000000000000000000e+00 6.684507609859604599e+03 9.999999999999996669e-01
0.000000000000000000e+00 0.000000000000000000e+00 0.000000000000000000e+00 6.780000575714741899e+03 9.999999999999998890e-01
0.000000000000000000e+00 0.000000000000000000e+00 0.000000000000000000e+00 6.875493541569879199e+03 1.000000000000000000e+00
0.000000000000000000e+00 0.000000000000000000e+00 0.000000000000000000e+00 6.970986507425015589e+03 9.999999999999997780e-01
0.000000000000000000e+00 0.000000000000000000e+00 0.000000000000000000e+00 7.066479473280152888e+03 9.999999999999995559e-01
0.000000000000000000e+00 0.000000000000000000e+00 0.000000000000000000e+00 7.161972439135290188e+03 9.999999999999991118e-01
0.000000000000000000e+00 0.000000000000000000e+00 0.000000000000000000e+00 7.257465404990427487e+03 9.999999999999988898e-01
0.000000000000000000e+00 0.000000000000000000e+00 0.000000000000000000e+00 7.352958370845564787e+03 9.999999999999988898e-01
0.000000000000000000e+00 0.000000000000000000e+00 0.000000000000000000e+00 7.448451336700702086e+03 9.999999999999991118e-01
0.000000000000000000e+00 0.000000000000000000e+00 0.000000000000000000e+00 7.543944302555839386e+03 9.999999999999995559e-01
0.000000000000000000e+00 0.000000000000000000e+00 0.000000000000000000e+00 7.639437268410976685e+03 9.999999999999997780e-01
0.000000000000000000e+00 0.000000000000000000e+00 0.000000000000000000e+00 7.734930234266113985e+03 1.000000000000000000e+00
0.000000000000000000e+00 0.000000000000000000e+00 0.000000000000000000e+00 7.830423200121250375e+03 9.999999999999998890e-01
0.000000000000000000e+00 0.000000000000000000e+00 0.000000000000000000e+00 7.925916165976387674e+03 9.999999999999995559e-01
0.000000000000000000e+00 0.000000000000000000e+00 0.000000000000000000e+00 8.021409131831524974e+03 9.999999999999993339e-01
0.000000000000000000e+00 0.000000000000000000e+00 0.000000000000000000e+00 8.116902097686662273e+03 9.999999999999990008e-01
0.000000000000000000e+00 0.000000000000000000e+00 0.000000000000000000e+00 8.212395063541800482e+03 9.999999999999988898e-01
0.000000000000000000e+00 0.000000000000000000e+00 0.000000000000000000e+00 8.307888029396935963e+03 9.999999999999991118e-01
0.000000000000000000e+00 0.000000000000000000e+00 0.000000000000000000e+00 8.403380995252073262e+03 9.999999999999993339e-01
0.000000000000000000e+00 0.000000000000000000e+00 0.000000000000000000e+00 8.498873961107210562e+03 9.999999999999996669e-01
0.000000000000000000e+00 0.000000000000000000e+00 0.000000000000000000e+00 8.594366926962347861e+03 9.999999999999998890e-01
0.000000000000000000e+00 0.000000000000000000e+00 0.000000000000000000e+00 8.689859892817485161e+03 1.000000000000000000e+00
0.000000000000000000e+00 0.000000000000000000e+00 0.000000000000000000e+00 8.785352858672622460e+03 9.999999999999997780e-01
0.000000000000000000e+00 0.000000000000000000e+00 0.000000000000000000e+00 8.880845824527759760e+03 9.999999999999993339e-01
0.000000000000000000e+00 0.000000000000000000e+00 0.000000000000000000e+00 8.976338790382897059e+03 9.999999999999991118e-01
0.000000000000000000e+00 0.000000000000000000e+00 0.000000000000000000e+00 9.071831756238034359e+03 9.999999999999988898e-01
0.000000000000000000e+00 0.000000000000000000e+00 0.000000000000000000e+00 9.167324722093171658e+03 9.999999999999990008e-01
0.000000000000000000e+00 0.000000000000000000e+00 0.000000000000000000e+00 9.262817687948308958e+03 9.999999999999992228e-01
0.000000000000000000e+00 0.000000000000000000e+00 0.000000000000000000e+00 9.358310653803446257e+03 9.999999999999995559e-01
0.000000000000000000e+00 0.000000000000000000e+00 0.000000000000000000e+00 9.453803619658583557e+03 9.999999999999998890e-01
0.000000000000000000e+00 0.000000000000000000e+00 0.000000000000000000e+00 9.549296585513720856e+03 1.000000000000000000e+00
0.000000000000000000e+00 0.000000000000000000e+00 0.000000000000000000e+00 9.644789551368858156e+03 9.999999999999997780e-01
0.000000000000000000e+00 0.000000000000000000e+00 0.000000000000000000e+00 9.740282517223995455e+03 9.999999999999995559e-01
0.000000000000000000e+00 0.000000000000000000e+00 0.000000000000000000e+00 9.835775483079132755e+03 9.999999999999991118e-01
0.000000000000000000e+00 0.000000000000000000e+00 0.000000000000000000e+00 9.931268448934270054e+03 9.999999999999988898e-01
0.000000000000000000e+00 0.000000000000000000e+00 0.000000000000000000e+00 1.002676141478940735e+04 9.999999999999988898e-01
0.000000000000000000e+00 0.000000000000000000e+00 0.000000000000000000e+00 1.012225438064454465e+04 9.999999999999991118e-01
0.000000000000000000e+00 0.000000000000000000e+00 0.000000000000000000e+00 1.021774734649968013e+04 9.999999999999995559e-01
0.000000000000000000e+00 0.000000000000000000e+00 0.000000000000000000e+00 1.031324031235481743e+04 9.999999999999997780e-01
0.000000000000000000e+00 0.000000000000000000e+00 0.000000000000000000e+00 1.040873327820995473e+04 1.000000000000000000e+00
0.000000000000000000e+00 0.000000000000000000e+00 0.000000000000000000e+00 1.050422624406509203e+04 9.999999999999997780e-01
0.000000000000000000e+00 0.000000000000000000e+00 0.000000000000000000e+00 1.059971920992022933e+04 9.999999999999995559e-01
0.000000000000000000e+00 0.000000000000000000e+00 0.000000000000000000e+00 1.069521217577536663e+04 9.999999999999992228e-01
0.000000000000000000e+00 0.000000000000000000e+00 0.000000000000000000e+00 1.079070514163050393e+04 9.999999999999988898e-01
0.000000000000000000e+00 0.000000000000000000e+00 0.000000000000000000e+00 1.088619810748564123e+04 9.999999999999988898e-01
0.000000000000000000e+00 0.000000000000000000e+00 0.000000000000000000e+00 1.098169107334077853e+04 9.999999999999991118e-01
0.000000000000000000e+00 0.000000000000000000e+00 0.000000000000000000e+00 1.107718403919591583e+04 9.999999999999995559e-01
0.000000000000000000e+00 0.000000000000000000e+00 0.000000000000000000e+00 1.117267700505105313e+04 9.999999999999997780e-01
0.000000000000000000e+00 0.000000000000000000e+00 0.000000000000000000e+00 1.126816997090619043e+04 1.000000000000000000e+00
0.000000000000000000e+00 0.000000000000000000e+00 0.000000000000000000e+00 1.136366293676132773e+04 9.999999999999997780e-01
0.000000000000000000e+00 0.000000000000000000e+00 0.000000000000000000e+00 1.145915590261646503e+04 9.999999999999995559e-01
0.000000000000000000e+00 0.000000000000000000e+00 0.000000000000000000e+00 1.155464886847160233e+04 9.999999999999991118e-01
0.000000000000000000e+00 0.000000000000000000e+00 0.000000000000000000e+00 1.165014183432673963e+04 9.999999999999988898e-01
0.000000000000000000e+00 0.000000000000000000e+00 0.000000000000000000e+00 1.174563480018187693e+04 9.999999999999988898e-01
0.000000000000000000e+00 0.000000000000000000e+00 0.000000000000000000e+00 1.184112776603701423e+04 9.999999999999991118e-01
0.000000000000000000e+00 0.000000000000000000e+00 0.000000000000000000e+00 1.193662073189215153e+04 9.999999999999995559e-01
0.000000000000000000e+00 0.000000000000000000e+00 0.000000000000000000e+00 1.203211369774728701e+04 9.999999999999997780e-01
0.000000000000000000e+00 0.000000000000000000e+00 0.000000000000000000e+00 1.212760666360242431e+04 1.000000000000000000e+00
0.000000000000000000e+00 0.000000000000000000e+00 0.000000000000000000e+00 1.222309962945756160e+04 9.999999999999997780e-01
0.000000000000000000e+00 0.000000000000000000e+00 0.000000000000000000e+00 1.231859259531269890e+04 9.999999999999995559e-01
0.000000000000000000e+00 0.000000000000000000e+00 0.000000000000000000e+00 1.241408556116783620e+04 9.999999999999991118e-01
0.000000000000000000e+00 0.000000000000000000e+00 0.000000000000000000e+00 1.250957852702297350e+04 9.999999999999988898e-01
0.000000000000000000e+00 0.000000000000000000e+00 0.000000000000000000e+00 1.260507149287811080e+04 9.999999999999988898e-01
0.000000000000000000e+00 0.000000000000000000e+00 0.000000000000000000e+00 1.270056445873324810e+04 9.999999999999991118e-01
0.000000000000000000e+00 0.000000000000000000e+00 0.000000000000000000e+00 1.279605742458838540e+04 9.999999999999995559e-01
0.000000000000000000e+00 0.000000000000000000e+00 0.000000000000000000e+00 1.289155039044352270e+04 9.999999999999998890e-01
0.000000000000000000e+00 0.000000000000000000e+00 0.000000000000000000e+00 1.298704335629866000e+04 1.000000000000000000e+00
0.000000000000000000e+00 0.000000000000000000e+00 0.000000000000000000e+00 1.308253632215379730e+04 9.999999999999997780e-01
0.000000000000000000e+00 0.000000000000000000e+00 0.000000000000000000e+00 1.317802928800893460e+04 9.999999999999993339e-01
0.000000000000000000e+00 0.000000000000000000e+00 0.000000000000000000e+00 1.327352225386407190e+04 9.999999999999988898e-01
0.000000000000000000e+00 0.000000000000000000e+00 0.000000000000000000e+00 1.336901521971920920e+04 9.999999999999986677e-01
0.000000000000000000e+00 0.000000000000000000e+00 0.000000000000000000e+00 1.346450818557434650e+04 9.999999999999988898e-01
0.000000000000000000e+00 0.000000000000000000e+00 0.000000000000000000e+00 1.356000115142948380e+04 9.999999999999993339e-01
0.000000000000000000e+00 0.000000000000000000e+00 0.000000000000000000e+00 1.365549411728462110e+04 9.999999999999997780e-01
0.000000000000000000e+00 0.000000000000000000e+00 0.000000000000000000e+00 1.375098708313975840e+04 1.000000000000000000e+00
0.000000000000000000e+00 0.000000000000000000e+00 0.000000000000000000e+00 1.384648004899489388e+04 9.999999999999998890e-01
0.000000000000000000e+00 0.000000000000000000e+00 0.000000000000000000e+00 1.394197301485003118e+04 9.999999999999995559e-01
0.000000000000000000e+00 0.000000000000000000e+00 0.000000000000000000e+00 1.403746598070516848e+04 9.999999999999990008e-01
0.000000000000000000e+00 0.000000000000000000e+00 0.000000000000000000e+00 1.413295894656030578e+04 9.999999999999986677e-01
0.000000000000000000e+00 0.000000000000000000e+00 0.000000000000000000e+00 1.422845191241544308e+04 9.999999999999985567e-01
0.000000000000000000e+00 0.000000000000000000e+00 0.000000000000000000e+00 1.432394487827058038e+04 9.999999999999988898e-01
0.000000000000000000e+00 0.000000000000000000e+00 0.000000000000000000e+00 1.441943784412571767e+04 9.999999999999994449e-01
0.000000000000000000e+00 0.000000000000000000e+00 0.000000000000000000e+00 1.451493080998085497e+04 9.999999999999998890e-01
0.000000000000000000e+00 0.000000000000000000e+00 0.000000000000000000e+00 1.461042377583599227e+04 1.000000000000000000e+00
0.000000000000000000e+00 0.000000000000000000e+00 0.000000000000000000e+00 1.470591674169112957e+04 9.999999999999995559e-01
0.000000000000000000e+00 0.000000000000000000e+00 0.000000000000000000e+00 1.480140970754626687e+04 9.999999999999988898e-01
0.000000000000000000e+00 0.000000000000000000e+00 0.000000000000000000e+00 1.489690267340140417e+04 9.999999999999983347e-01
0.000000000000000000e+00 0.000000000000000000e+00 0.000000000000000000e+00 1.499239563925654147e+04 9.999999999999981126e-01
0.000000000000000000e+00 0.000000000000000000e+00 0.000000000000000000e+00 1.508788860511167877e+04 9.999999999999984457e-01
0.000000000000000000e+00 0.000000000000000000e+00 0.000000000000000000e+00 1.518338157096681607e+04 9.999999999999991118e-01
0.000000000000000000e+00 0.000000000000000000e+00 0.000000000000000000e+00 1.527887453682195337e+04 9.999999999999997780e-01
0.000000000000000000e+00 0.000000000000000000e+00 0.000000000000000000e+00 1.537436750267709067e+04 1.000000000000000000e+00
0.000000000000000000e+00 0.000000000000000000e+00 0.000000000000000000e+00 1.546986046853222797e+04 9.999999999999995559e-01
0.000000000000000000e+00 0.000000000000000000e+00 0.000000000000000000e+00 1.556535343438736527e+04 9.999999999999985567e-01
0.000000000000000000e+00 0.000000000000000000e+00 0.000000000000000000e+00 1.566084640024250075e+04 9.999999999999976685e-01
0.000000000000000000e+00 0.000000000000000000e+00 0.000000000000000000e+00 1.575633936609763805e+04 9.999999999999973355e-01
0.000000000000000000e+00 0.000000000000000000e+00 0.000000000000000000e+00 1.585183233195277535e+04 9.999999999999976685e-01
0.000000000000000000e+00 0.000000000000000000e+00 0.000000000000000000e+00 1.594732529780791265e+04 9.999999999999986677e-01
0.000000000000000000e+00 0.000000000000000000e+00 0.000000000000000000e+00 1.604281826366304995e+04 9.999999999999996669e-01
0.000000000000000000e+00 0.000000000000000000e+00 0.000000000000000000e+00 1.613831122951818725e+04 1.000000000000000000e+00
0.000000000000000000e+00 0.000000000000000000e+00 0.000000000000000000e+00 1.623380419537332455e+04 9.999999999999991118e-01
0.000000000000000000e+00 0.000000000000000000e+00 0.000000000000000000e+00 1.632929716122846185e+04 9.999999999999975575e-01
0.000000000000000000e+00 0.000000000000000000e+00 0.000000000000000000e+00 1.642479012708360096e+04 9.999999999999962252e-01
0.000000000000000000e+00 0.000000000000000000e+00 0.000000000000000000e+00 1.652028309293873826e+04 9.999999999999957812e-01
0.000000000000000000e+00 0.000000000000000000e+00 0.000000000000000000e+00 1.661577605879387193e+04 9.999999999999966693e-01
0.000000000000000000e+00 0.000000000000000000e+00 0.000000000000000000e+00 1.671126902464900922e+04 9.999999999999984457e-01
0.000000000000000000e+00 0.000000000000000000e+00 0.000000000000000000e+00 1.680676199050414652e+04 9.999999999999997780e-01
0.000000000000000000e+00 0.000000000000000000e+00 0.000000000000000000e+00 1.690225495635928382e+04 9.999999999999996669e-01
0.000000000000000000e+00 0.000000000000000000e+00 0.000000000000000000e+00 1.699774792221442112e+04 9.999999999999977796e-01
0.000000000000000000e+00 0.000000000000000000e+00 0.000000000000000000e+00 1.709324088806955842e+04 9.999999999999951150e-01
0.000000000000000000e+00 0.000000000000000000e+00 0.000000000000000000e+00 1.718873385392469572e+04 9.999999999999934497e-01
0.000000000000000000e+00 0.000000000000000000e+00 0.000000000000000000e+00 1.728422681977983302e+04 9.999999999999940048e-01
0.000000000000000000e+00 0.000000000000000000e+00 0.000000000000000000e+00 1.737971978563497032e+04 9.999999999999964473e-01
0.000000000000000000e+00 0.000000000000000000e+00 0.000000000000000000e+00 1.747521275149010762e+04 9.999999999999992228e-01
0.000000000000000000e+00 0.000000000000000000e+00 0.000000000000000000e+00 1.757070571734524492e+04 9.999999999999997780e-01
0.000000000000000000e+00 0.000000000000000000e+00 0.000000000000000000e+00 1.766619868320038222e+04 9.999999999999973355e-01
0.000000000000000000e+00 0.000000000000000000e+00 0.000000000000000000e+00 1.776169164905551952e+04 9.999999999999931166e-01
0.000000000000000000e+00 0.000000000000000000e+00 0.000000000000000000e+00 1.785718461491065682e+04 9.999999999999905631e-01
0.000000000000000000e+00 0.000000000000000000e+00 0.000000000000000000e+00 1.795267758076579412e+04 9.999999999999918954e-01
0.000000000000000000e+00 0.000000000000000000e+00 0.000000000000000000e+00 1.804817054662093142e+04 9.999999999999964473e-01
0.000000000000000000e+00 0.000000000000000000e+00 0.000000000000000000e+00 1.814366351247606872e+04 9.999999999999997780e-01
0.000000000000000000e+00 0.000000000000000000e+00 0.000000000000000000e+00 1.823915647833120602e+04 9.999999999999982236e-01
0.000000000000000000e+00 0.000000000000000000e+00 0.000000000000000000e+00 1.833464944418634332e+04 9.999999999999924505e-01
0.000000000000000000e+00 0.000000000000000000e+00 0.000000000000000000e+00 1.843014241004148062e+04 9.999999999999884537e-01
0.000000000000000000e+00 0.000000000000000000e+00 0.000000000000000000e+00 1.852563537589661792e+04 9.999999999999915623e-01
0.000000000000000000e+00 0.000000000000000000e+00 0.000000000000000000e+00 1.862112834175175522e+04 9.999999999999984457e-01
0.000000000000000000e+00 0.000000000000000000e+00 0.000000000000000000e+00 1.871662130760689251e+04 9.999999999999986677e-01
0.000000000000000000e+00 0.000000000000000000e+00 0.000000000000000000e+00 1.881211427346202981e+04 9.999999999999893419e-01
0.000000000000000000e+00 0.000000000000000000e+00 0.000000000000000000e+00 1.890760723931716711e+04 9.999999999999859002e-01
0.000000000000000000e+00 0.000000000000000000e+00 0.000000000000000000e+00 1.900310020517230441e+04 9.999999999999976685e-01
0.000000000000000000e+00 0.000000000000000000e+00 0.000000000000000000e+00 1.909859317102744171e+04 9.999999999999910072e-01
0.000000000000000000e+00 0.000000000000000000e+00 0.000000000000000000e+00 1.919408613688257901e+04 9.999999999999663602e-01
0.000000000000000000e+00 0.000000000000000000e+00 0.000000000000000000e+00 1.928957910273771631e+04 9.999999999999835687e-01
0.000000000000000000e+00 0.000000000000000000e+00 0.000000000000000000e+00 1.938507206859285361e+04 9.999999999975763831e-01
0.000000000000000000e+00 0.000000000000000000e+00 0.000000000000000000e+00 1.948056503444799091e+04 9.999999999708742981e-01
0.000000000000000000e+00 0.000000000000000000e+00 0.000000000000000000e+00 1.957605800030312821e+04 9.999999998095951970e-01
0.000000000000000000e+00 0.000000000000000000e+00 0.000000000000000000e+00 1.967155096615826551e+04 9.999999990928707394e-01
0.000000000000000000e+00 0.000000000000000000e+00 0.000000000000000000e+00 1.976704393201340281e+04 9.999999964776022932e-01
0.000000000000000000e+00 0.000000000000000000e+00 0.000000000000000000e+00 1.986253689786854011e+04 9.999999881979926286e-01
0.000000000000000000e+00 0.000000000000000000e+00 0.000000000000000000e+00 1.995802986372367741e+04 9.999999647048090079e-01
0.000000000000000000e+00 0.000000000000000000e+00 0.000000000000000000e+00 2.005352282957881471e+04 9.999999036835345301e-01
0.000000000000000000e+00 0.000000000000000000e+00 0.000000000000000000e+00 2.014901579543395201e+04 9.999997564536882155e-01
0.000000000000000000e+00 0.000000000000000000e+00 0.000000000000000000e+00 2.024450876128908931e+04 9.999994229305370075e-01
0.000000000000000000e+00 0.000000000000000000e+00 0.000000000000000000e+00 2.034000172714422297e+04 9.999987078111558514e-01
0.000000000000000000e+00 0.000000000000000000e+00 0.000000000000000000e+00 2.043549469299936027e+04 9.999972473831264530e-01
0.000000000000000000e+00 0.000000000000000000e+00 0.000000000000000000e+00 2.053098765885449757e+04 9.999943924283383190e-01
0.000000000000000000e+00 0.000000000000000000e+00 0.000000000000000000e+00 2.062648062470963487e+04 9.999890283884254050e-01
0.000000000000000000e+00 0.000000000000000000e+00 0.000000000000000000e+00 2.072197359056477217e+04 9.999793098267570901e-01
0.000000000000000000e+00 0.000000000000000000e+00 0.000000000000000000e+00 2.081746655641990947e+04 9.999622831501324693e-01
0.000000000000000000e+00 0.000000000000000000e+00 0.000000000000000000e+00 2.091295952227504677e+04 9.999333707836128848e-01
0.000000000000000000e+00 0.000000000000000000e+00 0.000000000000000000e+00 2.100845248813018407e+04 9.998856930936697029e-01
0.000000000000000000e+00 0.000000000000000000e+00 0.000000000000000000e+00 2.110394545398532136e+04 9.998092131182945153e-01
0.000000000000000000e+00 0.000000000000000000e+00 0.000000000000000000e+00 2.119943841984045866e+04 9.996897053969288072e-01
0.000000000000000000e+00 0.000000000000000000e+00 0.000000000000000000e+00 2.129493138569559596e+04 9.995075754138676993e-01
0.000000000000000000e+00 0.000000000000000000e+00 0.000000000000000000e+00 2.139042435155073326e+04 9.992365911701007741e-01
0.000000000000000000e+00 0.000000000000000000e+00 0.000000000000000000e+00 2.148591731740587056e+04 9.988426327101107560e-01
0.000000000000000000e+00 0.000000000000000000e+00 0.000000000000000000e+00 2.158141028326100786e+04 9.982826166848404181e-01
0.000000000000000000e+00 0.000000000000000000e+00 0.000000000000000000e+00 2.167690324911614516e+04 9.975038063049140868e-01
0.000000000000000000e+00 0.000000000000000000e+00 0.000000000000000000e+00 2.177239621497128246e+04 9.964437642901806669e-01
0.000000000000000000e+00 0.000000000000000000e+00 0.000000000000000000e+00 2.186788918082641976e+04 9.950312362887447915e-01
0.000000000000000000e+00 0.000000000000000000e+00 0.000000000000000000e+00 2.196338214668155706e+04 9.931882505357343405e-01
0.000000000000000000e+00 0.000000000000000000e+00 0.000000000000000000e+00 2.205887511253669436e+04 9.908336709198599657e-01
0.000000000000000000e+00 0.000000000000000000e+00 0.000000000000000000e+00 2.215436807839183166e+04 9.878883319051254830e-01
0.000000000000000000e+00 0.000000000000000000e+00 0.000000000000000000e+00 2.224986104424696896e+04 9.842817087030151235e-01
0.000000000000000000e+00 0.000000000000000000e+00 0.000000000000000000e+00 2.234535401010210626e+04 9.799598413892456339e-01
0.000000000000000000e+00 0.000000000000000000e+00 0.000000000000000000e+00 2.244084697595724356e+04 9.748939620889403024e-01
0.000000000000000000e+00 0.000000000000000000e+00 0.000000000000000000e+00 2.253633994181238086e+04 9.690890146507913361e-01
0.000000000000000000e+00 0.000000000000000000e+00 0.000000000000000000e+00 2.263183290766751816e+04 9.625910666607242483e-01
0.000000000000000000e+00 0.000000000000000000e+00 0.000000000000000000e+00 2.272732587352265546e+04 9.554925575344588307e-01
0.000000000000000000e+00 0.000000000000000000e+00 0.000000000000000000e+00 2.282281883937779276e+04 9.479344508337419484e-01
0.000000000000000000e+00 0.000000000000000000e+00 0.000000000000000000e+00 2.291831180523293006e+04 9.401046737085039240e-01
0.000000000000000000e+00 0.000000000000000000e+00 0.000000000000000000e+00 2.301380477108806735e+04 9.322326899697324087e-01
0.000000000000000000e+00 0.000000000000000000e+00 0.000000000000000000e+00 2.310929773694320465e+04 9.245805740566859221e-01
0.000000000000000000e+00 0.000000000000000000e+00 0.000000000000000000e+00 2.320479070279834195e+04 9.174314094484897764e-01
0.000000000000000000e+00 0.000000000000000000e+00 0.000000000000000000e+00 2.330028366865347925e+04 9.110761103285632823e-01
0.000000000000000000e+00 0.000000000000000000e+00 0.000000000000000000e+00 2.339577663450861655e+04 9.057997858730699736e-01
0.000000000000000000e+00 0.000000000000000000e+00 0.000000000000000000e+00 2.349126960036375385e+04 9.018685276794526917e-01
0.000000000000000000e+00 0.000000000000000000e+00 0.000000000000000000e+00 2.358676256621889115e+04 8.995170712098634613e-01
0.000000000000000000e+00 0.000000000000000000e+00 0.000000000000000000e+00 2.368225553207402845e+04 8.989372862229195738e-01
0.000000000000000000e+00 0.000000000000000000e+00 0.000000000000000000e+00 2.377774849792916575e+04 9.002670389383511385e-01
0.000000000000000000e+00 0.000000000000000000e+00 0.000000000000000000e+00 2.387324146378430305e+04 9.035787838573987596e-01
0.000000000000000000e+00 0.000000000000000000e+00 0.000000000000000000e+00 2.396873442963943671e+04 9.088673980018524556e-01
0.000000000000000000e+00 0.000000000000000000e+00 0.000000000000000000e+00 2.406422739549457401e+04 9.160373253761092682e-01
0.000000000000000000e+00 0.000000000000000000e+00 0.000000000000000000e+00 2.415972036134971131e+04 9.248900404072141201e-01
0.000000000000000000e+00 0.000000000000000000e+00 0.000000000000000000e+00 2.425521332720484861e+04 9.351140444430379173e-01
0.000000000000000000e+00 0.000000000000000000e+00 0.000000000000000000e+00 2.435070629305998591e+04 9.462808147940542369e-01
0.000000000000000000e+00 0.000000000000000000e+00 0.000000000000000000e+00 2.444619925891512321e+04 9.578509123914018542e-01
0.000000000000000000e+00 0.000000000000000000e+00 0.000000000000000000e+00 2.454169222477026051e+04 9.691943040193309322e-01
0.000000000000000000e+00 0.000000000000000000e+00 0.000000000000000000e+00 2.463718519062539781e+04 9.796274120967367605e-01
0.000000000000000000e+00 0.000000000000000000e+00 0.000000000000000000e+00 2.473267815648053511e+04 9.884663305320976479e-01
0.000000000000000000e+00 0.000000000000000000e+00 0.000000000000000000e+00 2.482817112233567241e+04 9.950914742208472052e-01
0.000000000000000000e+00 0.000000000000000000e+00 0.000000000000000000e+00 2.492366408819080971e+04 9.990147554543939989e-01
0.000000000000000000e+00 0.000000000000000000e+00 0.000000000000000000e+00 2.501915705404594701e+04 9.999377073663964222e-01
0.000000000000000000e+00 0.000000000000000000e+00 0.000000000000000000e+00 2.511465001990108431e+04 9.977891325722677562e-01
0.000000000000000000e+00 0.000000000000000000e+00 0.000000000000000000e+00 2.521014298575622161e+04 9.927343101678209880e-01
0.000000000000000000e+00 0.000000000000000000e+00 0.000000000000000000e+00 2.530563595161135891e+04 9.851537518173787422e-01
0.000000000000000000e+00 0.000000000000000000e+00 0.000000000000000000e+00 2.540112891746649620e+04 9.755961080449667699e-01
0.000000000000000000e+00 0.000000000000000000e+00 0.000000000000000000e+00 2.549662188332163350e+04 9.647149535824788291e-01
0.000000000000000000e+00 0.000000000000000000e+00 0.000000000000000000e+00 2.559211484917677080e+04 9.532013333630797725e-01
0.000000000000000000e+00 0.000000000000000000e+00 0.000000000000000000e+00 2.568760781503190810e+04 9.417228531100340083e-01
0.000000000000000000e+00 0.000000000000000000e+00 0.000000000000000000e+00 2.578310078088704540e+04 9.308766367813948728e-01
0.000000000000000000e+00 0.000000000000000000e+00 0.000000000000000000e+00 2.587859374674218270e+04 9.211591325677461750e-01
0.000000000000000000e+00 0.000000000000000000e+00 0.000000000000000000e+00 2.597408671259732000e+04 9.129519228666389541e-01
0.000000000000000000e+00 0.000000000000000000e+00 0.000000000000000000e+00 2.606957967845245730e+04 9.065202189881149675e-01
0.000000000000000000e+00 0.000000000000000000e+00 0.000000000000000000e+00 2.616507264430759460e+04 9.020197787347119522e-01
0.000000000000000000e+00 0.000000000000000000e+00 0.000000000000000000e+00 2.626056561016273190e+04 8.995082743048871121e-01
0.000000000000000000e+00 0.000000000000000000e+00 0.000000000000000000e+00 2.635605857601786920e+04 8.989581517460045745e-01
0.000000000000000000e+00 0.000000000000000000e+00 0.000000000000000000e+00 2.645155154187300650e+04 9.002692704216794795e-01
0.000000000000000000e+00 0.000000000000000000e+00 0.000000000000000000e+00 2.654704450772814380e+04 9.032807330491343656e-01
0.000000000000000000e+00 0.000000000000000000e+00 0.000000000000000000e+00 2.664253747358328110e+04 9.077821104727714641e-01
0.000000000000000000e+00 0.000000000000000000e+00 0.000000000000000000e+00 2.673803043943841840e+04 9.135246564762540267e-01
0.000000000000000000e+00 0.000000000000000000e+00 0.000000000000000000e+00 2.683352340529355570e+04 9.202331156988360350e-01
0.000000000000000000e+00 0.000000000000000000e+00 0.000000000000000000e+00 2.692901637114869300e+04 9.276184358414176767e-01
0.000000000000000000e+00 0.000000000000000000e+00 0.000000000000000000e+00 2.702450933700383030e+04 9.353912313089973729e-01
0.000000000000000000e+00 0.000000000000000000e+00 0.000000000000000000e+00 2.712000230285896760e+04 9.432753589189204479e-01
0.000000000000000000e+00 0.000000000000000000e+00 0.000000000000000000e+00 2.721549526871410490e+04 9.510206009956885254e-01
0.000000000000000000e+00 0.000000000000000000e+00 0.000000000000000000e+00 2.731098823456924219e+04 9.584133123207185800e-01
0.000000000000000000e+00 0.000000000000000000e+00 0.000000000000000000e+00 2.740648120042437949e+04 9.652840151367285682e-01
0.000000000000000000e+00 0.000000000000000000e+00 0.000000000000000000e+00 2.750197416627951679e+04 9.715112864222545941e-01
0.000000000000000000e+00 0.000000000000000000e+00 0.000000000000000000e+00 2.759746713213465409e+04 9.770217789614460413e-01
0.000000000000000000e+00 0.000000000000000000e+00 0.000000000000000000e+00 2.769296009798978776e+04 9.817867290436388394e-01
0.000000000000000000e+00 0.000000000000000000e+00 0.000000000000000000e+00 2.778845306384492505e+04 9.858157157829839923e-01
0.000000000000000000e+00 0.000000000000000000e+00 0.000000000000000000e+00 2.788394602970006235e+04 9.891486771844897330e-01
0.000000000000000000e+00 0.000000000000000000e+00 0.000000000000000000e+00 2.797943899555519965e+04 9.918472362097562334e-01
0.000000000000000000e+00 0.000000000000000000e+00 0.000000000000000000e+00 2.807493196141033695e+04 9.939862732975305315e-01
0.000000000000000000e+00 0.000000000000000000e+00 0.000000000000000000e+00 2.817042492726547425e+04 9.956464562501549098e-01
0.000000000000000000e+00 0.000000000000000000e+00 0.000000000000000000e+00 2.826591789312061155e+04 9.969081682025267011e-01
0.000000000000000000e+00 0.000000000000000000e+00 0.000000000000000000e+00 2.836141085897574885e+04 9.978470145944917657e-01
0.000000000000000000e+00 0.000000000000000000e+00 0.000000000000000000e+00 2.845690382483088615e+04 9.985308774985068858e-01
0.000000000000000000e+00 0.000000000000000000e+00 0.000000000000000000e+00 2.855239679068602345e+04 9.990183373363721309e-01
0.000000000000000000e+00 0.000000000000000000e+00 0.000000000000000000e+00 2.864788975654116075e+04 9.993581987369630770e-01
0.000000000000000000e+00 0.000000000000000000e+00 0.000000000000000000e+00 2.874338272239629805e+04 9.995898293364956499e-01
0.000000000000000000e+00 0.000000000000000000e+00 0.000000000000000000e+00 2.883887568825143535e+04 9.997440331377622780e-01
0.000000000000000000e+00 0.000000000000000000e+00 0.000000000000000000e+00 2.893436865410657265e+04 9.998442184620924822e-01
0.000000000000000000e+00 0.000000000000000000e+00 0.000000000000000000e+00 2.902986161996170995e+04 9.999076713730861155e-01
0.000000000000000000e+00 0.000000000000000000e+00 0.000000000000000000e+00 2.912535458581684725e+04 9.999467986873638026e-01
0.000000000000000000e+00 0.000000000000000000e+00 0.000000000000000000e+00 2.922084755167198455e+04 9.999702535796244351e-01
0.000000000000000000e+00 0.000000000000000000e+00 0.000000000000000000e+00 2.931634051752712185e+04 9.999838975174046851e-01
0.000000000000000000e+00 0.000000000000000000e+00 0.000000000000000000e+00 2.941183348338225915e+04 9.999915833003215626e-01
0.000000000000000000e+00 0.000000000000000000e+00 0.000000000000000000e+00 2.950732644923739645e+04 9.999957654387259254e-01
0.000000000000000000e+00 0.000000000000000000e+00 0.000000000000000000e+00 2.960281941509253375e+04 9.999979571304753456e-01
0.000000000000000000e+00 0.000000000000000000e+00 0.000000000000000000e+00 2.969831238094767104e+04 9.999990593602456901e-01
0.000000000000000000e+00 0.000000000000000000e+00 0.000000000000000000e+00 2.979380534680280834e+04 9.999995889857355991e-01
0.000000000000000000e+00 0.000000000000000000e+00 0.000000000000000000e+00 2.988929831265794564e+04 9.999998308090736199e-01
0.000000000000000000e+00 0.000000000000000000e+00 0.000000000000000000e+00 2.998479127851308294e+04 9.999999350054543656e-01
