# Tone frequency (Hz)	Measured Fidelity	Simulated Fidelity	Frequency (Hz)	Analytic Fidelity
0.000000000000000000e+00 9.338743999999999518e-03 1.196917917273509918e-06 1.591549430918953456e-01 9.999998670816450108e-01
2.000000000000000000e+02 8.331593099999999585e-03 1.491287797524247019e-06 9.549296585513720004e+01 9.999998136084771172e-01
4.000000000000000000e+02 8.976985700000000498e-03 3.312410285498769185e-06 1.909859317102744001e+02 9.999996175107204177e-01
6.000000000000000000e+02 9.272053800000000859e-03 1.109945160366319046e-05 2.864788975654116143e+02 9.999991575219372431e-01
8.000000000000000000e+02 6.161902999999999825e-03 3.887388848465765071e-05 3.819718634205488001e+02 9.999981812373446299e-01
1.000000000000000000e+03 9.261122000000000104e-03 1.243684585154639045e-04 4.774648292756860428e+02 9.999962197022139732e-01
1.200000000000000000e+03 7.390462300000000088e-03 3.563154702057401814e-04 5.729577951308232286e+02 9.999924479755972762e-01
1.400000000000000000e+03 7.246351800000000107e-03 9.163414642624201616e-04 6.684507609859604145e+02 9.999854722343117785e-01
1.600000000000000000e+03 7.408758599999999868e-03 2.133766132357430186e-03 7.639437268410976003e+02 9.999730196094602785e-01
1.800000000000000000e+03 1.360769400000000004e-02 4.531216191740449276e-03 8.594366926962348998e+02 9.999515043934638081e-01
2.000000000000000000e+03 1.605251800000000173e-02 8.823277594658359910e-03 9.549296585513720856e+02 9.999154448119862426e-01
2.200000000000000000e+03 2.731648500000000146e-02 1.581730078779340978e-02 1.050422624406509158e+03 9.998567098311386125e-01
2.400000000000000000e+03 3.323782599999999809e-02 2.618444694413250146e-02 1.145915590261646457e+03 9.997635872429495585e-01
2.600000000000000000e+03 4.830553399999999720e-02 4.010105446119033995e-02 1.241408556116783757e+03 9.996196842337111699e-01
2.800000000000000000e+03 6.500492200000000664e-02 5.688950506798078066e-02 1.336901521971920829e+03 9.994027010313062398e-01
3.000000000000000000e+03 8.390200899999999962e-02 7.480003401710252908e-02 1.432394487827058128e+03 9.990831573550493783e-01
3.200000000000000000e+03 9.832712999999999870e-02 9.112495479179454072e-02 1.527887453682195201e+03 9.986231990373662937e-01
3.400000000000000000e+03 1.136342300000000027e-01 1.026602495066696041e-01 1.623380419537332500e+03 9.979756649524060830e-01
3.600000000000000000e+03 1.188228300000000043e-01 1.064520622119169008e-01 1.718873385392469800e+03 9.970836460564871384e-01
3.800000000000000000e+03 1.129381700000000044e-01 1.006054782761390959e-01 1.814366351247606872e+03 9.958808094444293602e-01
4.000000000000000000e+03 8.701412399999999825e-02 8.503707184110029238e-02 1.909859317102744171e+03 9.942927781713420954e-01
4.200000000000000000e+03 6.969568099999999544e-02 6.201927452900254240e-02 2.005352282957881243e+03 9.922398372481937567e-01
4.400000000000000000e+03 4.385441899999999865e-02 3.623329477629302214e-02 2.100845248813018316e+03 9.896411628321648557e-01
4.600000000000000000e+03 2.203353099999999856e-02 1.397852771989339937e-02 2.196338214668155615e+03 9.864206343994352810e-01
4.800000000000000000e+03 1.023689900000000069e-02 1.385800150399541962e-03 2.291831180523292915e+03 9.825140873147749643e-01
5.000000000000000000e+03 1.059288300000000085e-02 2.181250072427759999e-03 2.387324146378430214e+03 9.778776097475367912e-01
5.200000000000000000e+03 2.328727200000000122e-02 1.612470074857072153e-02 2.482817112233567514e+03 9.724962168070973023e-01
5.400000000000000000e+03 4.498870299999999794e-02 3.911451271901993793e-02 2.578310078088704358e+03 9.663919984330439084e-01
5.600000000000000000e+03 6.920514299999999674e-02 6.488423652619422499e-02 2.673803043943841658e+03 9.596306993636174454e-01
5.800000000000000000e+03 9.757761700000000538e-02 8.724763511340541400e-02 2.769296009798978957e+03 9.523257080619055293e-01
6.000000000000000000e+03 1.125711300000000054e-01 1.017785672424570964e-01 2.864788975654116257e+03 9.446386398673627394e-01
6.200000000000000000e+03 1.157032999999999950e-01 1.064861158798073998e-01 2.960281941509253556e+03 9.367760863212987177e-01
6.400000000000000000e+03 1.131834099999999982e-01 1.016894678829811938e-01 3.055774907364390401e+03 9.289826031641150728e-01
6.600000000000000000e+03 9.782412599999999736e-02 8.944632829722734546e-02 3.151267873219527701e+03 9.215305160265527817e-01
6.800000000000000000e+03 8.095851499999999479e-02 7.278433956082100420e-02 3.246760839074665000e+03 9.147075115954141911e-01
7.000000000000000000e+03 6.805016099999999790e-02 5.488018714825489142e-02 3.342253804929802300e+03 9.088031512967202907e-01
7.200000000000000000e+03 4.796324700000000052e-02 3.835159876193990763e-02 3.437746770784939599e+03 9.040953488166019181e-01
7.400000000000000000e+03 3.101509400000000000e-02 2.482289925064781050e-02 3.533239736640076444e+03 9.008375200911293845e-01
7.600000000000000000e+03 2.284186300000000044e-02 1.486242446750516040e-02 3.628732702495213744e+03 8.992466405935184426e-01
7.800000000000000000e+03 1.519033300000000031e-02 8.214040123243313701e-03 3.724225668350351043e+03 8.994919690433751391e-01
8.000000000000000000e+03 1.294606600000000086e-02 4.177954076924094914e-03 3.819718634205488343e+03 9.016838694073558980e-01
8.200000000000000000e+03 1.151427699999999985e-02 1.947736191358822059e-03 3.915211600060625187e+03 9.058621165033204914e-01
8.400000000000000000e+03 2.936217200000000149e-03 8.270842028068818141e-04 4.010704565915762487e+03 9.119833963724559567e-01
8.600000000000000000e+03 7.880364500000000549e-03 3.177897425064549913e-04 4.106197531770900241e+03 9.199084416080300919e-01
8.800000000000000000e+03 7.753217599999999952e-03 1.096038507972274973e-04 4.201690497626036631e+03 9.293903170097486122e-01
9.000000000000000000e+03 5.136820000000000275e-03 3.382259742866291927e-05 4.297183463481173931e+03 9.400666120714130658e-01
9.200000000000000000e+03 4.514888899999999761e-03 9.596622264060019936e-06 4.392676429336311230e+03 9.514593712180290375e-01
9.400000000000000000e+03 3.319149799999999810e-03 2.931142382968566067e-06 4.488169395191448530e+03 9.629870274964160703e-01
9.600000000000000000e+03 6.694393199999999940e-03 1.394322976949886944e-06 4.583662361046585829e+03 9.739918862460659188e-01
9.800000000000000000e+03 6.861582399999999887e-03 1.107824099912751980e-06 4.679155326901723129e+03 9.837844835893190254e-01
0.000000000000000000e+00 0.000000000000000000e+00 0.000000000000000000e+00 4.774648292756860428e+03 9.917025090915081442e-01
0.000000000000000000e+00 0.000000000000000000e+00 0.000000000000000000e+00 4.870141258611997728e+03 9.971776609665461422e-01
0.000000000000000000e+00 0.000000000000000000e+00 0.000000000000000000e+00 4.965634224467135027e+03 9.998001161637882772e-01
0.000000000000000000e+00 0.000000000000000000e+00 0.000000000000000000e+00 5.061127190322272327e+03 9.993687523238501402e-01
0.000000000000000000e+00 0.000000000000000000e+00 0.000000000000000000e+00 5.156620156177408717e+03 9.959168747712723313e-01
0.000000000000000000e+00 0.000000000000000000e+00 0.000000000000000000e+00 5.252113122032546016e+03 9.897079081459874139e-01
0.000000000000000000e+00 0.000000000000000000e+00 0.000000000000000000e+00 5.347606087887683316e+03 9.812019933212381417e-01
0.000000000000000000e+00 0.000000000000000000e+00 0.000000000000000000e+00 5.443099053742820615e+03 9.710006054782991392e-01
0.000000000000000000e+00 0.000000000000000000e+00 0.000000000000000000e+00 5.538592019597957915e+03 9.597802321386978974e-01
0.000000000000000000e+00 0.000000000000000000e+00 0.000000000000000000e+00 5.634084985453095214e+03 9.482268321114535325e-01
0.000000000000000000e+00 0.000000000000000000e+00 0.000000000000000000e+00 5.729577951308232514e+03 9.369805136664105527e-01
0.000000000000000000e+00 0.000000000000000000e+00 0.000000000000000000e+00 5.825070917163369813e+03 9.265958512444627537e-01
0.000000000000000000e+00 0.000000000000000000e+00 0.000000000000000000e+00 5.920563883018507113e+03 9.175190191002688955e-01
0.000000000000000000e+00 0.000000000000000000e+00 0.000000000000000000e+00 6.016056848873643503e+03 9.100796370838188931e-01
0.000000000000000000e+00 0.000000000000000000e+00 0.000000000000000000e+00 6.111549814728780802e+03 9.044934381528595413e-01
0.000000000000000000e+00 0.000000000000000000e+00 0.000000000000000000e+00 6.207042780583918102e+03 9.008715186416269560e-01
0.000000000000000000e+00 0.000000000000000000e+00 0.000000000000000000e+00 6.302535746439055401e+03 8.992325994245369269e-01
0.000000000000000000e+00 0.000000000000000000e+00 0.000000000000000000e+00 6.398028712294192701e+03 8.995158898488737620e-01
0.000000000000000000e+00 0.000000000000000000e+00 0.000000000000000000e+00 6.493521678149330000e+03 9.015933676059219026e-01
0.000000000000000000e+00 0.000000000000000000e+00 0.000000000000000000e+00 6.589014644004467300e+03 9.052812780137643456e-01
0.000000000000000000e+00 0.000000000000000000e+00 0.000000000000000000e+00 6.684507609859604599e+03 9.103512735431750214e-01
0.000000000000000000e+00 0.000000000000000000e+00 0.000000000000000000e+00 6.780000575714741899e+03 9.165418297240892631e-01
0.000000000000000000e+00 0.000000000000000000e+00 0.000000000000000000e+00 6.875493541569879199e+03 9.235704369702285588e-01
0.000000000000000000e+00 0.000000000000000000e+00 0.000000000000000000e+00 6.970986507425015589e+03 9.311466844213260874e-01
0.000000000000000000e+00 0.000000000000000000e+00 0.000000000000000000e+00 7.066479473280152888e+03 9.389858614807169435e-01
0.000000000000000000e+00 0.000000000000000000e+00 0.000000000000000000e+00 7.161972439135290188e+03 9.468222557654637495e-01
0.000000000000000000e+00 0.000000000000000000e+00 0.000000000000000000e+00 7.257465404990427487e+03 9.544210528817342887e-01
0.000000000000000000e+00 0.000000000000000000e+00 0.000000000000000000e+00 7.352958370845564787e+03 9.615877224449206340e-01
0.000000000000000000e+00 0.000000000000000000e+00 0.000000000000000000e+00 7.448451336700702086e+03 9.681740130653430088e-01
0.000000000000000000e+00 0.000000000000000000e+00 0.000000000000000000e+00 7.543944302555839386e+03 9.740801126970939361e-01
0.000000000000000000e+00 0.000000000000000000e+00 0.000000000000000000e+00 7.639437268410976685e+03 9.792530480189478581e-01
0.000000000000000000e+00 0.000000000000000000e+00 0.000000000000000000e+00 7.734930234266113985e+03 9.836818744917017465e-01
0.000000000000000000e+00 0.000000000000000000e+00 0.000000000000000000e+00 7.830423200121250375e+03 9.873905496409454141e-01
0.000000000000000000e+00 0.000000000000000000e+00 0.000000000000000000e+00 7.925916165976387674e+03 9.904295362451438489e-01
0.000000000000000000e+00 0.000000000000000000e+00 0.000000000000000000e+00 8.021409131831524974e+03 9.928671518918530392e-01
0.000000000000000000e+00 0.000000000000000000e+00 0.000000000000000000e+00 8.116902097686662273e+03 9.947815091851734959e-01
0.000000000000000000e+00 0.000000000000000000e+00 0.000000000000000000e+00 8.212395063541800482e+03 9.962536386883007467e-01
0.000000000000000000e+00 0.000000000000000000e+00 0.000000000000000000e+00 8.307888029396935963e+03 9.973621160199754865e-01
0.000000000000000000e+00 0.000000000000000000e+00 0.000000000000000000e+00 8.403380995252073262e+03 9.981792728893286171e-01
0.000000000000000000e+00 0.000000000000000000e+00 0.000000000000000000e+00 8.498873961107210562e+03 9.987688870815765174e-01
0.000000000000000000e+00 0.000000000000000000e+00 0.000000000000000000e+00 8.594366926962347861e+03 9.991851277100123330e-01
0.000000000000000000e+00 0.000000000000000000e+00 0.000000000000000000e+00 8.689859892817485161e+03 9.994724748715434481e-01
0.000000000000000000e+00 0.000000000000000000e+00 0.000000000000000000e+00 8.785352858672622460e+03 9.996663247537245223e-01
0.000000000000000000e+00 0.000000000000000000e+00 0.000000000000000000e+00 8.880845824527759760e+03 9.997940170369989943e-01
0.000000000000000000e+00 0.000000000000000000e+00 0.000000000000000000e+00 8.976338790382897059e+03 9.998760666491397497e-01
0.000000000000000000e+00 0.000000000000000000e+00 0.000000000000000000e+00 9.071831756238034359e+03 9.999274347269252461e-01
0.000000000000000000e+00 0.000000000000000000e+00 0.000000000000000000e+00 9.167324722093171658e+03 9.999587254817703386e-01
0.000000000000000000e+00 0.000000000000000000e+00 0.000000000000000000e+00 9.262817687948308958e+03 9.999772411782159587e-01
0.000000000000000000e+00 0.000000000000000000e+00 0.000000000000000000e+00 9.358310653803446257e+03 9.999878638934212027e-01
0.000000000000000000e+00 0.000000000000000000e+00 0.000000000000000000e+00 9.453803619658583557e+03 9.999937594054719714e-01
0.000000000000000000e+00 0.000000000000000000e+00 0.000000000000000000e+00 9.549296585513720856e+03 9.999969160879973451e-01
0.000000000000000000e+00 0.000000000000000000e+00 0.000000000000000000e+00 9.644789551368858156e+03 9.999985414969336794e-01
0.000000000000000000e+00 0.000000000000000000e+00 0.000000000000000000e+00 9.740282517223995455e+03 9.999993432037590502e-01
0.000000000000000000e+00 0.000000000000000000e+00 0.000000000000000000e+00 9.835775483079132755e+03 9.999997201629707844e-01
0.000000000000000000e+00 0.000000000000000000e+00 0.000000000000000000e+00 9.931268448934270054e+03 9.999998881098985937e-01
0.000000000000000000e+00 0.000000000000000000e+00 0.000000000000000000e+00 1.002676141478940735e+04 9.999999584628804783e-01
0.000000000000000000e+00 0.000000000000000000e+00 0.000000000000000000e+00 1.012225438064454465e+04 9.999999858907702155e-01
0.000000000000000000e+00 0.000000000000000000e+00 0.000000000000000000e+00 1.021774734649968013e+04 9.999999957049767740e-01
0.000000000000000000e+00 0.000000000000000000e+00 0.000000000000000000e+00 1.031324031235481743e+04 9.999999988646094407e-01
0.000000000000000000e+00 0.000000000000000000e+00 0.000000000000000000e+00 1.040873327820995473e+04 9.999999997525990114e-01
0.000000000000000000e+00 0.000000000000000000e+00 0.000000000000000000e+00 1.050422624406509203e+04 9.999999999597570799e-01
0.000000000000000000e+00 0.000000000000000000e+00 0.000000000000000000e+00 1.059971920992022933e+04 9.999999999961655117e-01
0.000000000000000000e+00 0.000000000000000000e+00 0.000000000000000000e+00 1.069521217577536663e+04 9.999999999999331646e-01
0.000000000000000000e+00 0.000000000000000000e+00 0.000000000000000000e+00 1.079070514163050393e+04 9.999999999999719114e-01
0.000000000000000000e+00 0.000000000000000000e+00 0.000000000000000000e+00 1.088619810748564123e+04 9.999999999999877875e-01
0.000000000000000000e+00 0.000000000000000000e+00 0.000000000000000000e+00 1.098169107334077853e+04 9.999999999999973355e-01
0.000000000000000000e+00 0.000000000000000000e+00 0.000000000000000000e+00 1.107718403919591583e+04 9.999999999999826805e-01
0.000000000000000000e+00 0.000000000000000000e+00 0.000000000000000000e+00 1.117267700505105313e+04 9.999999999999837907e-01
0.000000000000000000e+00 0.000000000000000000e+00 0.000000000000000000e+00 1.126816997090619043e+04 9.999999999999957812e-01
0.000000000000000000e+00 0.000000000000000000e+00 0.000000000000000000e+00 1.136366293676132773e+04 9.999999999999995559e-01
0.000000000000000000e+00 0.000000000000000000e+00 0.000000000000000000e+00 1.145915590261646503e+04 9.999999999999935607e-01
0.000000000000000000e+00 0.000000000000000000e+00 0.000000000000000000e+00 1.155464886847160233e+04 9.999999999999886757e-01
0.000000000000000000e+00 0.000000000000000000e+00 0.000000000000000000e+00 1.165014183432673963e+04 9.999999999999904521e-01
0.000000000000000000e+00 0.000000000000000000e+00 0.000000000000000000e+00 1.174563480018187693e+04 9.999999999999961142e-01
0.000000000000000000e+00 0.000000000000000000e+00 0.000000000000000000e+00 1.184112776603701423e+04 9.999999999999991118e-01
0.000000000000000000e+00 0.000000000000000000e+00 0.000000000000000000e+00 1.193662073189215153e+04 9.999999999999976685e-01
0.000000000000000000e+00 0.000000000000000000e+00 0.000000000000000000e+00 1.203211369774728701e+04 9.999999999999942268e-01
0.000000000000000000e+00 0.000000000000000000e+00 0.000000000000000000e+00 1.212760666360242431e+04 9.999999999999926725e-01
0.000000000000000000e+00 0.000000000000000000e+00 0.000000000000000000e+00 1.222309962945756160e+04 9.999999999999942268e-01
0.000000000000000000e+00 0.000000000000000000e+00 0.000000000000000000e+00 1.231859259531269890e+04 9.999999999999975575e-01
0.000000000000000000e+00 0.000000000000000000e+00 0.000000000000000000e+00 1.241408556116783620e+04 9.999999999999997780e-01
0.000000000000000000e+00 0.000000000000000000e+00 0.000000000000000000e+00 1.250957852702297350e+04 9.999999999999993339e-01
0.000000000000000000e+00 0.000000000000000000e+00 0.000000000000000000e+00 1.260507149287811080e+04 9.999999999999971134e-01
0.000000000000000000e+00 0.000000000000000000e+00 0.000000000000000000e+00 1.270056445873324810e+04 9.999999999999948930e-01
0.000000000000000000e+00 0.000000000000000000e+00 0.000000000000000000e+00 1.279605742458838540e+04 9.999999999999944489e-01
0.000000000000000000e+00 0.000000000000000000e+00 0.000000000000000000e+00 1.289155039044352270e+04 9.999999999999960032e-01
0.000000000000000000e+00 0.000000000000000000e+00 0.000000000000000000e+00 1.298704335629866000e+04 9.999999999999982236e-01
0.000000000000000000e+00 0.000000000000000000e+00 0.000000000000000000e+00 1.308253632215379730e+04 9.999999999999996669e-01
0.000000000000000000e+00 0.000000000000000000e+00 0.000000000000000000e+00 1.317802928800893460e+04 9.999999999999995559e-01
0.000000000000000000e+00 0.000000000000000000e+00 0.000000000000000000e+00 1.327352225386407190e+04 9.999999999999982236e-01
0.000000000000000000e+00 0.000000000000000000e+00 0.000000000000000000e+00 1.336901521971920920e+04 9.999999999999965583e-01
0.000000000000000000e+00 0.000000000000000000e+00 0.000000000000000000e+00 1.346450818557434650e+04 9.999999999999957812e-01
0.000000000000000000e+00 0.000000000000000000e+00 0.000000000000000000e+00 1.356000115142948380e+04 9.999999999999962252e-01
0.000000000000000000e+00 0.000000000000000000e+00 0.000000000000000000e+00 1.365549411728462110e+04 9.999999999999975575e-01
0.000000000000000000e+00 0.000000000000000000e+00 0.000000000000000000e+00 1.375098708313975840e+04 9.999999999999988898e-01
0.000000000000000000e+00 0.000000000000000000e+00 0.000000000000000000e+00 1.384648004899489388e+04 9.999999999999994449e-01
0.000000000000000000e+00 0.000000000000000000e+00 0.000000000000000000e+00 1.394197301485003118e+04 9.999999999999988898e-01
0.000000000000000000e+00 0.000000000000000000e+00 0.000000000000000000e+00 1.403746598070516848e+04 9.999999999999977796e-01
0.000000000000000000e+00 0.000000000000000000e+00 0.000000000000000000e+00 1.413295894656030578e+04 9.999999999999968914e-01
0.000000000000000000e+00 0.000000000000000000e+00 0.000000000000000000e+00 1.422845191241544308e+04 9.999999999999966693e-01
0.000000000000000000e+00 0.000000000000000000e+00 0.000000000000000000e+00 1.432394487827058038e+04 9.999999999999972244e-01
0.000000000000000000e+00 0.000000000000000000e+00 0.000000000000000000e+00 1.441943784412571767e+04 9.999999999999982236e-01
0.000000000000000000e+00 0.000000000000000000e+00 0.000000000000000000e+00 1.451493080998085497e+04 9.999999999999991118e-01
0.000000000000000000e+00 0.000000000000000000e+00 0.000000000000000000e+00 1.461042377583599227e+04 9.999999999999993339e-01
0.000000000000000000e+00 0.000000000000000000e+00 0.000000000000000000e+00 1.470591674169112957e+04 9.999999999999988898e-01
0.000000000000000000e+00 0.000000000000000000e+00 0.000000000000000000e+00 1.480140970754626687e+04 9.999999999999980016e-01
0.000000000000000000e+00 0.000000000000000000e+00 0.000000000000000000e+00 1.489690267340140417e+04 9.999999999999971134e-01
0.000000000000000000e+00 0.000000000000000000e+00 0.000000000000000000e+00 1.499239563925654147e+04 9.999999999999970024e-01
0.000000000000000000e+00 0.000000000000000000e+00 0.000000000000000000e+00 1.508788860511167877e+04 9.999999999999975575e-01
0.000000000000000000e+00 0.000000000000000000e+00 0.000000000000000000e+00 1.518338157096681607e+04 9.999999999999984457e-01
0.000000000000000000e+00 0.000000000000000000e+00 0.000000000000000000e+00 1.527887453682195337e+04 9.999999999999993339e-01
0.000000000000000000e+00 0.000000000000000000e+00 0.000000000000000000e+00 1.537436750267709067e+04 9.999999999999995559e-01
0.000000000000000000e+00 0.000000000000000000e+00 0.000000000000000000e+00 1.546986046853222797e+04 9.999999999999993339e-01
0.000000000000000000e+00 0.000000000000000000e+00 0.000000000000000000e+00 1.556535343438736527e+04 9.999999999999984457e-01
0.000000000000000000e+00 0.000000000000000000e+00 0.000000000000000000e+00 1.566084640024250075e+04 9.999999999999975575e-01
0.000000000000000000e+00 0.000000000000000000e+00 0.000000000000000000e+00 1.575633936609763805e+04 9.999999999999971134e-01
0.000000000000000000e+00 0.000000000000000000e+00 0.000000000000000000e+00 1.585183233195277535e+04 9.999999999999973355e-01
0.000000000000000000e+00 0.000000000000000000e+00 0.000000000000000000e+00 1.594732529780791265e+04 9.999999999999981126e-01
0.000000000000000000e+00 0.000000000000000000e+00 0.000000000000000000e+00 1.604281826366304995e+04 9.999999999999990008e-01
0.000000000000000000e+00 0.000000000000000000e+00 0.000000000000000000e+00 1.613831122951818725e+04 9.999999999999996669e-01
0.000000000000000000e+00 0.000000000000000000e+00 0.000000000000000000e+00 1.623380419537332455e+04 9.999999999999997780e-01
0.000000000000000000e+00 0.000000000000000000e+00 0.000000000000000000e+00 1.632929716122846185e+04 9.999999999999992228e-01
0.000000000000000000e+00 0.000000000000000000e+00 0.000000000000000000e+00 1.642479012708360096e+04 9.999999999999984457e-01
0.000000000000000000e+00 0.000000000000000000e+00 0.000000000000000000e+00 1.652028309293873826e+04 9.999999999999976685e-01
0.000000000000000000e+00 0.000000000000000000e+00 0.000000000000000000e+00 1.661577605879387193e+04 9.999999999999973355e-01
0.000000000000000000e+00 0.000000000000000000e+00 0.000000000000000000e+00 1.671126902464900922e+04 9.999999999999976685e-01
0.000000000000000000e+00 0.000000000000000000e+00 0.000000000000000000e+00 1.680676199050414652e+04 9.999999999999984457e-01
0.000000000000000000e+00 0.000000000000000000e+00 0.000000000000000000e+00 1.690225495635928382e+04 9.999999999999993339e-01
0.000000000000000000e+00 0.000000000000000000e+00 0.000000000000000000e+00 1.699774792221442112e+04 9.999999999999997780e-01
0.000000000000000000e+00 0.000000000000000000e+00 0.000000000000000000e+00 1.709324088806955842e+04 9.999999999999997780e-01
0.000000000000000000e+00 0.000000000000000000e+00 0.000000000000000000e+00 1.718873385392469572e+04 9.999999999999993339e-01
0.000000000000000000e+00 0.000000000000000000e+00 0.000000000000000000e+00 1.728422681977983302e+04 9.999999999999985567e-01
0.000000000000000000e+00 0.000000000000000000e+00 0.000000000000000000e+00 1.737971978563497032e+04 9.999999999999978906e-01
0.000000000000000000e+00 0.000000000000000000e+00 0.000000000000000000e+00 1.747521275149010762e+04 9.999999999999975575e-01
0.000000000000000000e+00 0.000000000000000000e+00 0.000000000000000000e+00 1.757070571734524492e+04 9.999999999999978906e-01
0.000000000000000000e+00 0.000000000000000000e+00 0.000000000000000000e+00 1.766619868320038222e+04 9.999999999999985567e-01
0.000000000000000000e+00 0.000000000000000000e+00 0.000000000000000000e+00 1.776169164905551952e+04 9.999999999999993339e-01
0.000000000000000000e+00 0.000000000000000000e+00 0.000000000000000000e+00 1.785718461491065682e+04 9.999999999999998890e-01
0.000000000000000000e+00 0.000000000000000000e+00 0.000000000000000000e+00 1.795267758076579412e+04 1.000000000000000000e+00
0.000000000000000000e+00 0.000000000000000000e+00 0.000000000000000000e+00 1.804817054662093142e+04 9.999999999999995559e-01
0.000000000000000000e+00 0.000000000000000000e+00 0.000000000000000000e+00 1.814366351247606872e+04 9.999999999999988898e-01
0.000000000000000000e+00 0.000000000000000000e+00 0.000000000000000000e+00 1.823915647833120602e+04 9.999999999999982236e-01
0.000000000000000000e+00 0.000000000000000000e+00 0.000000000000000000e+00 1.833464944418634332e+04 9.999999999999978906e-01
0.000000000000000000e+00 0.000000000000000000e+00 0.000000000000000000e+00 1.843014241004148062e+04 9.999999999999980016e-01
0.000000000000000000e+00 0.000000000000000000e+00 0.000000000000000000e+00 1.852563537589661792e+04 9.999999999999986677e-01
0.000000000000000000e+00 0.000000000000000000e+00 0.000000000000000000e+00 1.862112834175175522e+04 9.999999999999993339e-01
0.000000000000000000e+00 0.000000000000000000e+00 0.000000000000000000e+00 1.871662130760689251e+04 9.999999999999997780e-01
0.000000000000000000e+00 0.000000000000000000e+00 0.000000000000000000e+00 1.881211427346202981e+04 1.000000000000000000e+00
0.000000000000000000e+00 0.000000000000000000e+00 0.000000000000000000e+00 1.890760723931716711e+04 9.999999999999997780e-01
0.000000000000000000e+00 0.000000000000000000e+00 0.000000000000000000e+00 1.900310020517230441e+04 9.999999999999991118e-01
0.000000000000000000e+00 0.000000000000000000e+00 0.000000000000000000e+00 1.909859317102744171e+04 9.999999999999984457e-01
0.000000000000000000e+00 0.000000000000000000e+00 0.000000000000000000e+00 1.919408613688257901e+04 9.999999999999981126e-01
0.000000000000000000e+00 0.000000000000000000e+00 0.000000000000000000e+00 1.928957910273771631e+04 9.999999999999982236e-01
0.000000000000000000e+00 0.000000000000000000e+00 0.000000000000000000e+00 1.938507206859285361e+04 9.999999999999986677e-01
0.000000000000000000e+00 0.000000000000000000e+00 0.000000000000000000e+00 1.948056503444799091e+04 9.999999999999992228e-01
0.000000000000000000e+00 0.000000000000000000e+00 0.000000000000000000e+00 1.957605800030312821e+04 9.999999999999997780e-01
0.000000000000000000e+00 0.000000000000000000e+00 0.000000000000000000e+00 1.967155096615826551e+04 1.000000000000000000e+00
0.000000000000000000e+00 0.000000000000000000e+00 0.000000000000000000e+00 1.976704393201340281e+04 9.999999999999997780e-01
0.000000000000000000e+00 0.000000000000000000e+00 0.000000000000000000e+00 1.986253689786854011e+04 9.999999999999993339e-01
0.000000000000000000e+00 0.000000000000000000e+00 0.000000000000000000e+00 1.995802986372367741e+04 9.999999999999988898e-01
0.000000000000000000e+00 0.000000000000000000e+00 0.000000000000000000e+00 2.005352282957881471e+04 9.999999999999984457e-01
0.000000000000000000e+00 0.000000000000000000e+00 0.000000000000000000e+00 2.014901579543395201e+04 9.999999999999983347e-01
0.000000000000000000e+00 0.000000000000000000e+00 0.000000000000000000e+00 2.024450876128908931e+04 9.999999999999985567e-01
0.000000000000000000e+00 0.000000000000000000e+00 0.000000000000000000e+00 2.034000172714422297e+04 9.999999999999991118e-01
0.000000000000000000e+00 0.000000000000000000e+00 0.000000000000000000e+00 2.043549469299936027e+04 9.999999999999995559e-01
0.000000000000000000e+00 0.000000000000000000e+00 0.000000000000000000e+00 2.053098765885449757e+04 1.000000000000000000e+00
0.000000000000000000e+00 0.000000000000000000e+00 0.000000000000000000e+00 2.062648062470963487e+04 1.000000000000000000e+00
0.000000000000000000e+00 0.000000000000000000e+00 0.000000000000000000e+00 2.072197359056477217e+04 9.999999999999996669e-01
0.000000000000000000e+00 0.000000000000000000e+00 0.000000000000000000e+00 2.081746655641990947e+04 9.999999999999991118e-01
0.000000000000000000e+00 0.000000000000000000e+00 0.000000000000000000e+00 2.091295952227504677e+04 9.999999999999986677e-01
0.000000000000000000e+00 0.000000000000000000e+00 0.000000000000000000e+00 2.100845248813018407e+04 9.999999999999984457e-01
0.000000000000000000e+00 0.000000000000000000e+00 0.000000000000000000e+00 2.110394545398532136e+04 9.999999999999986677e-01
0.000000000000000000e+00 0.000000000000000000e+00 0.000000000000000000e+00 2.119943841984045866e+04 9.999999999999988898e-01
0.000000000000000000e+00 0.000000000000000000e+00 0.000000000000000000e+00 2.129493138569559596e+04 9.999999999999994449e-01
0.000000000000000000e+00 0.000000000000000000e+00 0.000000000000000000e+00 2.139042435155073326e+04 9.999999999999997780e-01
0.000000000000000000e+00 0.000000000000000000e+00 0.000000000000000000e+00 2.148591731740587056e+04 1.000000000000000000e+00
0.000000000000000000e+00 0.000000000000000000e+00 0.000000000000000000e+00 2.158141028326100786e+04 9.999999999999997780e-01
0.000000000000000000e+00 0.000000000000000000e+00 0.000000000000000000e+00 2.167690324911614516e+04 9.999999999999994449e-01
0.000000000000000000e+00 0.000000000000000000e+00 0.000000000000000000e+00 2.177239621497128246e+04 9.999999999999991118e-01
0.000000000000000000e+00 0.000000000000000000e+00 0.000000000000000000e+00 2.186788918082641976e+04 9.999999999999986677e-01
0.000000000000000000e+00 0.000000000000000000e+00 0.000000000000000000e+00 2.196338214668155706e+04 9.999999999999986677e-01
0.000000000000000000e+00 0.000000000000000000e+00 0.000000000000000000e+00 2.205887511253669436e+04 9.999999999999988898e-01
0.000000000000000000e+00 0.000000000000000000e+00 0.000000000000000000e+00 2.215436807839183166e+04 9.999999999999993339e-01
0.000000000000000000e+00 0.000000000000000000e+00 0.000000000000000000e+00 2.224986104424696896e+04 9.999999999999996669e-01
0.000000000000000000e+00 0.000000000000000000e+00 0.000000000000000000e+00 2.234535401010210626e+04 1.000000000000000000e+00
0.000000000000000000e+00 0.000000000000000000e+00 0.000000000000000000e+00 2.244084697595724356e+04 1.000000000000000000e+00
0.000000000000000000e+00 0.000000000000000000e+00 0.000000000000000000e+00 2.253633994181238086e+04 9.999999999999997780e-01
0.000000000000000000e+00 0.000000000000000000e+00 0.000000000000000000e+00 2.263183290766751816e+04 9.999999999999993339e-01
0.000000000000000000e+00 0.000000000000000000e+00 0.000000000000000000e+00 2.272732587352265546e+04 9.999999999999990008e-01
0.000000000000000000e+00 0.000000000000000000e+00 0.000000000000000000e+00 2.282281883937779276e+04 9.999999999999987788e-01
0.000000000000000000e+00 0.000000000000000000e+00 0.000000000000000000e+00 2.291831180523293006e+04 9.999999999999988898e-01
0.000000000000000000e+00 0.000000000000000000e+00 0.000000000000000000e+00 2.301380477108806735e+04 9.999999999999991118e-01
0.000000000000000000e+00 0.000000000000000000e+00 0.000000000000000000e+00 2.310929773694320465e+04 9.999999999999995559e-01
0.000000000000000000e+00 0.000000000000000000e+00 0.000000000000000000e+00 2.320479070279834195e+04 9.999999999999997780e-01
0.000000000000000000e+00 0.000000000000000000e+00 0.000000000000000000e+00 2.330028366865347925e+04 1.000000000000000000e+00
0.000000000000000000e+00 0.000000000000000000e+00 0.000000000000000000e+00 2.339577663450861655e+04 9.999999999999998890e-01
0.000000000000000000e+00 0.000000000000000000e+00 0.000000000000000000e+00 2.349126960036375385e+04 9.999999999999995559e-01
0.000000000000000000e+00 0.000000000000000000e+00 0.000000000000000000e+00 2.358676256621889115e+04 9.999999999999992228e-01
0.000000000000000000e+00 0.000000000000000000e+00 0.000000000000000000e+00 2.368225553207402845e+04 9.999999999999990008e-01
0.000000000000000000e+00 0.000000000000000000e+00 0.000000000000000000e+00 2.377774849792916575e+04 9.999999999999988898e-01
0.000000000000000000e+00 0.000000000000000000e+00 0.000000000000000000e+00 2.387324146378430305e+04 9.999999999999991118e-01
0.000000000000000000e+00 0.000000000000000000e+00 0.000000000000000000e+00 2.396873442963943671e+04 9.999999999999993339e-01
0.000000000000000000e+00 0.000000000000000000e+00 0.000000000000000000e+00 2.406422739549457401e+04 9.999999999999997780e-01
0.000000000000000000e+00 0.000000000000000000e+00 0.000000000000000000e+00 2.415972036134971131e+04 1.000000000000000000e+00
0.000000000000000000e+00 0.000000000000000000e+00 0.000000000000000000e+00 2.425521332720484861e+04 1.000000000000000000e+00
0.000000000000000000e+00 0.000000000000000000e+00 0.000000000000000000e+00 2.435070629305998591e+04 9.999999999999997780e-01
0.000000000000000000e+00 0.000000000000000000e+00 0.000000000000000000e+00 2.444619925891512321e+04 9.999999999999995559e-01
0.000000000000000000e+00 0.000000000000000000e+00 0.000000000000000000e+00 2.454169222477026051e+04 9.999999999999992228e-01
0.000000000000000000e+00 0.000000000000000000e+00 0.000000000000000000e+00 2.463718519062539781e+04 9.999999999999991118e-01
0.000000000000000000e+00 0.000000000000000000e+00 0.000000000000000000e+00 2.473267815648053511e+04 9.999999999999991118e-01
0.000000000000000000e+00 0.000000000000000000e+00 0.000000000000000000e+00 2.482817112233567241e+04 9.999999999999993339e-01
0.000000000000000000e+00 0.000000000000000000e+00 0.000000000000000000e+00 2.492366408819080971e+04 9.999999999999995559e-01
0.000000000000000000e+00 0.000000000000000000e+00 0.000000000000000000e+00 2.501915705404594701e+04 9.999999999999997780e-01
0.000000000000000000e+00 0.000000000000000000e+00 0.000000000000000000e+00 2.511465001990108431e+04 1.000000000000000000e+00
0.000000000000000000e+00 0.000000000000000000e+00 0.000000000000000000e+00 2.521014298575622161e+04 9.999999999999998890e-01
0.000000000000000000e+00 0.000000000000000000e+00 0.000000000000000000e+00 2.530563595161135891e+04 9.999999999999997780e-01
0.000000000000000000e+00 0.000000000000000000e+00 0.000000000000000000e+00 2.540112891746649620e+04 9.999999999999994449e-01
0.000000000000000000e+00 0.000000000000000000e+00 0.000000000000000000e+00 2.549662188332163350e+04 9.999999999999992228e-01
0.000000000000000000e+00 0.000000000000000000e+00 0.000000000000000000e+00 2.559211484917677080e+04 9.999999999999991118e-01
0.000000000000000000e+00 0.000000000000000000e+00 0.000000000000000000e+00 2.568760781503190810e+04 9.999999999999992228e-01
0.000000000000000000e+00 0.000000000000000000e+00 0.000000000000000000e+00 2.578310078088704540e+04 9.999999999999993339e-01
0.000000000000000000e+00 0.000000000000000000e+00 0.000000000000000000e+00 2.587859374674218270e+04 9.999999999999996669e-01
0.000000000000000000e+00 0.000000000000000000e+00 0.000000000000000000e+00 2.597408671259732000e+04 9.999999999999998890e-01
0.000000000000000000e+00 0.000000000000000000e+00 0.000000000000000000e+00 2.606957967845245730e+04 1.000000000000000000e+00
0.000000000000000000e+00 0.000000000000000000e+00 0.000000000000000000e+00 2.616507264430759460e+04 9.999999999999997780e-01
0.000000000000000000e+00 0.000000000000000000e+00 0.000000000000000000e+00 2.626056561016273190e+04 9.999999999999996669e-01
0.000000000000000000e+00 0.000000000000000000e+00 0.000000000000000000e+00 2.635605857601786920e+04 9.999999999999993339e-01
0.000000000000000000e+00 0.000000000000000000e+00 0.000000000000000000e+00 2.645155154187300650e+04 9.999999999999992228e-01
0.000000000000000000e+00 0.000000000000000000e+00 0.000000000000000000e+00 2.654704450772814380e+04 9.999999999999992228e-01
0.000000000000000000e+00 0.000000000000000000e+00 0.000000000000000000e+00 2.664253747358328110e+04 9.999999999999993339e-01
0.000000000000000000e+00 0.000000000000000000e+00 0.000000000000000000e+00 2.673803043943841840e+04 9.999999999999995559e-01
0.000000000000000000e+00 0.000000000000000000e+00 0.000000000000000000e+00 2.683352340529355570e+04 9.999999999999997780e-01
0.000000000000000000e+00 0.000000000000000000e+00 0.000000000000000000e+00 2.692901637114869300e+04 1.000000000000000000e+00
0.000000000000000000e+00 0.000000000000000000e+00 0.000000000000000000e+00 2.702450933700383030e+04 1.000000000000000000e+00
0.000000000000000000e+00 0.000000000000000000e+00 0.000000000000000000e+00 2.712000230285896760e+04 9.999999999999997780e-01
0.000000000000000000e+00 0.000000000000000000e+00 0.000000000000000000e+00 2.721549526871410490e+04 9.999999999999995559e-01
0.000000000000000000e+00 0.000000000000000000e+00 0.000000000000000000e+00 2.731098823456924219e+04 9.999999999999993339e-01
0.000000000000000000e+00 0.000000000000000000e+00 0.000000000000000000e+00 2.740648120042437949e+04 9.999999999999993339e-01
0.000000000000000000e+00 0.000000000000000000e+00 0.000000000000000000e+00 2.750197416627951679e+04 9.999999999999993339e-01
0.000000000000000000e+00 0.000000000000000000e+00 0.000000000000000000e+00 2.759746713213465409e+04 9.999999999999994449e-01
0.000000000000000000e+00 0.000000000000000000e+00 0.000000000000000000e+00 2.769296009798978776e+04 9.999999999999996669e-01
0.000000000000000000e+00 0.000000000000000000e+00 0.000000000000000000e+00 2.778845306384492505e+04 9.999999999999997780e-01
0.000000000000000000e+00 0.000000000000000000e+00 0.000000000000000000e+00 2.788394602970006235e+04 1.000000000000000000e+00
0.000000000000000000e+00 0.000000000000000000e+00 0.000000000000000000e+00 2.797943899555519965e+04 9.999999999999998890e-01
0.000000000000000000e+00 0.000000000000000000e+00 0.000000000000000000e+00 2.807493196141033695e+04 9.999999999999997780e-01
0.000000000000000000e+00 0.000000000000000000e+00 0.000000000000000000e+00 2.817042492726547425e+04 9.999999999999995559e-01
0.000000000000000000e+00 0.000000000000000000e+00 0.000000000000000000e+00 2.826591789312061155e+04 9.999999999999993339e-01
0.000000000000000000e+00 0.000000000000000000e+00 0.000000000000000000e+00 2.836141085897574885e+04 9.999999999999993339e-01
0.000000000000000000e+00 0.000000000000000000e+00 0.000000000000000000e+00 2.845690382483088615e+04 9.999999999999993339e-01
0.000000000000000000e+00 0.000000000000000000e+00 0.000000000000000000e+00 2.855239679068602345e+04 9.999999999999995559e-01
0.000000000000000000e+00 0.000000000000000000e+00 0.000000000000000000e+00 2.864788975654116075e+04 9.999999999999997780e-01
0.000000000000000000e+00 0.000000000000000000e+00 0.000000000000000000e+00 2.874338272239629805e+04 9.999999999999998890e-01
0.000000000000000000e+00 0.000000000000000000e+00 0.000000000000000000e+00 2.883887568825143535e+04 1.000000000000000000e+00
0.000000000000000000e+00 0.000000000000000000e+00 0.000000000000000000e+00 2.893436865410657265e+04 9.999999999999998890e-01
0.000000000000000000e+00 0.000000000000000000e+00 0.000000000000000000e+00 2.902986161996170995e+04 9.999999999999997780e-01
0.000000000000000000e+00 0.000000000000000000e+00 0.000000000000000000e+00 2.912535458581684725e+04 9.999999999999995559e-01
0.000000000000000000e+00 0.000000000000000000e+00 0.000000000000000000e+00 2.922084755167198455e+04 9.999999999999994449e-01
0.000000000000000000e+00 0.000000000000000000e+00 0.000000000000000000e+00 2.931634051752712185e+04 9.999999999999993339e-01
0.000000000000000000e+00 0.000000000000000000e+00 0.000000000000000000e+00 2.941183348338225915e+04 9.999999999999995559e-01
0.000000000000000000e+00 0.000000000000000000e+00 0.000000000000000000e+00 2.950732644923739645e+04 9.999999999999995559e-01
0.000000000000000000e+00 0.000000000000000000e+00 0.000000000000000000e+00 2.960281941509253375e+04 9.999999999999997780e-01
0.000000000000000000e+00 0.000000000000000000e+00 0.000000000000000000e+00 2.969831238094767104e+04 9.999999999999998890e-01
0.000000000000000000e+00 0.000000000000000000e+00 0.000000000000000000e+00 2.979380534680280834e+04 1.000000000000000000e+00
0.000000000000000000e+00 0.000000000000000000e+00 0.000000000000000000e+00 2.988929831265794564e+04 9.999999999999997780e-01
0.000000000000000000e+00 0.000000000000000000e+00 0.000000000000000000e+00 2.998479127851308294e+04 9.999999999999997780e-01
