# Tone frequency (Hz)	Measured Fidelity	Simulated Fidelity	Frequency (Hz)	Analytic Fidelity
1.000000000000000000e+04 9.145599799999999321e-03 5.690300978121389106e-08 1.591549430918953456e-01 9.999999999999992228e-01
1.020000000000000000e+04 6.812434200000000092e-03 3.986734146529507053e-07 9.549296585513720004e+01 9.999999999999993339e-01
1.040000000000000000e+04 1.331682499999999915e-02 2.126943157046131191e-06 1.909859317102744001e+02 9.999999999999993339e-01
1.060000000000000000e+04 1.301051299999999959e-02 9.295391789767707194e-06 2.864788975654116143e+02 9.999999999999993339e-01
1.080000000000000000e+04 1.577405100000000074e-02 3.439176111372266884e-05 3.819718634205488001e+02 9.999999999999993339e-01
1.100000000000000000e+04 1.433441000000000055e-02 1.106472360391736934e-04 4.774648292756860428e+02 9.999999999999993339e-01
1.120000000000000000e+04 1.512963999999999976e-02 3.154109612716635776e-04 5.729577951308232286e+02 9.999999999999992228e-01
1.140000000000000000e+04 5.433020200000000278e-03 8.071002777137010423e-04 6.684507609859604145e+02 9.999999999999991118e-01
1.160000000000000000e+04 2.181277800000000142e-02 1.873552536923447009e-03 7.639437268410976003e+02 9.999999999999991118e-01
1.180000000000000000e+04 0.000000000000000000e+00 3.975914151764456568e-03 8.594366926962348998e+02 9.999999999999992228e-01
1.200000000000000000e+04 2.221626800000000082e-02 7.757116200445385648e-03 9.549296585513720856e+02 9.999999999999993339e-01
1.220000000000000000e+04 2.782983899999999858e-02 1.397332186372498078e-02 1.050422624406509158e+03 9.999999999999993339e-01
1.240000000000000000e+04 2.945918800000000073e-02 2.330905399958407148e-02 1.145915590261646457e+03 9.999999999999993339e-01
1.260000000000000000e+04 4.823810600000000282e-02 3.608280227956191244e-02 1.241408556116783757e+03 9.999999999999993339e-01
1.280000000000000000e+04 5.612213199999999819e-02 5.189845134751001898e-02 1.336901521971920829e+03 9.999999999999992228e-01
1.300000000000000000e+04 8.412200200000000128e-02 6.940536463476468243e-02 1.432394487827058128e+03 9.999999999999991118e-01
1.320000000000000000e+04 9.939188499999999926e-02 8.630795298894020084e-02 1.527887453682195201e+03 9.999999999999990008e-01
1.340000000000000000e+04 1.008737600000000068e-01 9.967948150934000107e-02 1.623380419537332500e+03 9.999999999999990008e-01
1.360000000000000000e+04 1.171812899999999935e-01 1.065693298365280040e-01 1.718873385392469800e+03 9.999999999999991118e-01
1.380000000000000000e+04 1.116624699999999998e-01 1.047313870923334000e-01 1.814366351247606872e+03 9.999999999999993339e-01
1.400000000000000000e+04 1.072817199999999971e-01 9.332682827678942528e-02 1.909859317102744171e+03 9.999999999999993339e-01
1.420000000000000000e+04 9.678973300000000279e-02 7.351467921354340462e-02 2.005352282957881243e+03 9.999999999999994449e-01
1.440000000000000000e+04 5.881535999999999709e-02 4.872870209581160045e-02 2.100845248813018316e+03 9.999999999999993339e-01
1.460000000000000000e+04 4.322941599999999968e-02 2.433915653768398135e-02 2.196338214668155615e+03 9.999999999999991118e-01
1.480000000000000000e+04 2.363434099999999968e-02 6.456661164529916425e-03 2.291831180523292915e+03 9.999999999999988898e-01
1.500000000000000000e+04 9.833835100000000440e-03 1.446406697115213927e-06 2.387324146378430214e+03 9.999999999999986677e-01
1.520000000000000000e+04 1.481887699999999940e-02 6.834109213454964311e-03 2.482817112233567514e+03 9.999999999999986677e-01
1.540000000000000000e+04 3.591882799999999987e-02 2.498649070888915927e-02 2.578310078088704358e+03 9.999999999999988898e-01
1.560000000000000000e+04 6.106071500000000152e-02 4.947388869660183236e-02 2.673803043943841658e+03 9.999999999999993339e-01
1.580000000000000000e+04 8.025219999999999576e-02 7.418420271166623059e-02 2.769296009798978957e+03 9.999999999999994449e-01
1.600000000000000000e+04 1.093944500000000042e-01 9.378762173500951316e-02 2.864788975654116257e+03 9.999999999999994449e-01
1.620000000000000000e+04 1.183506000000000002e-01 1.049211920385142022e-01 2.960281941509253556e+03 9.999999999999992228e-01
1.640000000000000000e+04 1.164804299999999959e-01 1.064852162447304934e-01 3.055774907364390401e+03 9.999999999999987788e-01
1.660000000000000000e+04 9.900866399999999623e-02 9.936878247065487890e-02 3.151267873219527701e+03 9.999999999999984457e-01
1.680000000000000000e+04 1.108513200000000032e-01 8.585079638927101131e-02 3.246760839074665000e+03 9.999999999999982236e-01
1.700000000000000000e+04 7.905303700000000655e-02 6.889235454210476672e-02 3.342253804929802300e+03 9.999999999999983347e-01
1.720000000000000000e+04 5.995778000000000219e-02 5.140530187628525316e-02 3.437746770784939599e+03 9.999999999999986677e-01
1.740000000000000000e+04 5.442407400000000284e-02 3.566342652451417322e-02 3.533239736640076444e+03 9.999999999999992228e-01
1.760000000000000000e+04 4.043782499999999669e-02 2.298897200811277075e-02 3.628732702495213744e+03 9.999999999999995559e-01
1.780000000000000000e+04 2.512415900000000007e-02 1.375099976389008993e-02 3.724225668350351043e+03 9.999999999999994449e-01
1.800000000000000000e+04 2.157579899999999967e-02 7.615687044670802104e-03 3.819718634205488343e+03 9.999999999999990008e-01
1.820000000000000000e+04 9.570163700000000259e-03 3.894323792415465158e-03 3.915211600060625187e+03 9.999999999999983347e-01
1.840000000000000000e+04 2.246176500000000159e-02 1.830515993058299011e-03 4.010704565915762487e+03 9.999999999999977796e-01
1.860000000000000000e+04 7.442375600000000410e-03 7.865300066431021040e-04 4.106197531770900241e+03 9.999999999999975575e-01
1.880000000000000000e+04 1.271863300000000002e-02 3.064511074611090866e-04 4.201690497626036631e+03 9.999999999999977796e-01
1.900000000000000000e+04 1.242741600000000016e-02 1.071736191860245952e-04 4.297183463481173931e+03 9.999999999999984457e-01
1.920000000000000000e+04 1.234138499999999986e-02 3.321603599577489151e-05 4.392676429336311230e+03 9.999999999999993339e-01
1.940000000000000000e+04 1.849714100000000166e-02 8.931870991274890457e-06 4.488169395191448530e+03 9.999999999999996669e-01
1.960000000000000000e+04 1.438857999999999977e-02 2.031844840014636937e-06 4.583662361046585829e+03 9.999999999999993339e-01
1.980000000000000000e+04 2.274244300000000107e-02 3.728269354246092881e-07 4.679155326901723129e+03 9.999999999999985567e-01
0.000000000000000000e+00 0.000000000000000000e+00 0.000000000000000000e+00 4.774648292756860428e+03 9.999999999999974465e-01
0.000000000000000000e+00 0.000000000000000000e+00 0.000000000000000000e+00 4.870141258611997728e+03 9.999999999999966693e-01
0.000000000000000000e+00 0.000000000000000000e+00 0.000000000000000000e+00 4.965634224467135027e+03 9.999999999999964473e-01
0.000000000000000000e+00 0.000000000000000000e+00 0.000000000000000000e+00 5.061127190322272327e+03 9.999999999999972244e-01
0.000000000000000000e+00 0.000000000000000000e+00 0.000000000000000000e+00 5.156620156177408717e+03 9.999999999999984457e-01
0.000000000000000000e+00 0.000000000000000000e+00 0.000000000000000000e+00 5.252113122032546016e+03 9.999999999999995559e-01
0.000000000000000000e+00 0.000000000000000000e+00 0.000000000000000000e+00 5.347606087887683316e+03 9.999999999999997780e-01
0.000000000000000000e+00 0.000000000000000000e+00 0.000000000000000000e+00 5.443099053742820615e+03 9.999999999999988898e-01
0.000000000000000000e+00 0.000000000000000000e+00 0.000000000000000000e+00 5.538592019597957915e+03 9.999999999999973355e-01
0.000000000000000000e+00 0.000000000000000000e+00 0.000000000000000000e+00 5.634084985453095214e+03 9.999999999999957812e-01
0.000000000000000000e+00 0.000000000000000000e+00 0.000000000000000000e+00 5.729577951308232514e+03 9.999999999999951150e-01
0.000000000000000000e+00 0.000000000000000000e+00 0.000000000000000000e+00 5.825070917163369813e+03 9.999999999999955591e-01
0.000000000000000000e+00 0.000000000000000000e+00 0.000000000000000000e+00 5.920563883018507113e+03 9.999999999999971134e-01
0.000000000000000000e+00 0.000000000000000000e+00 0.000000000000000000e+00 6.016056848873643503e+03 9.999999999999990008e-01
0.000000000000000000e+00 0.000000000000000000e+00 0.000000000000000000e+00 6.111549814728780802e+03 1.000000000000000000e+00
0.000000000000000000e+00 0.000000000000000000e+00 0.000000000000000000e+00 6.207042780583918102e+03 9.999999999999993339e-01
0.000000000000000000e+00 0.000000000000000000e+00 0.000000000000000000e+00 6.302535746439055401e+03 9.999999999999973355e-01
0.000000000000000000e+00 0.000000000000000000e+00 0.000000000000000000e+00 6.398028712294192701e+03 9.999999999999948930e-01
0.000000000000000000e+00 0.000000000000000000e+00 0.000000000000000000e+00 6.493521678149330000e+03 9.999999999999935607e-01
0.000000000000000000e+00 0.000000000000000000e+00 0.000000000000000000e+00 6.589014644004467300e+03 9.999999999999940048e-01
0.000000000000000000e+00 0.000000000000000000e+00 0.000000000000000000e+00 6.684507609859604599e+03 9.999999999999961142e-01
0.000000000000000000e+00 0.000000000000000000e+00 0.000000000000000000e+00 6.780000575714741899e+03 9.999999999999986677e-01
0.000000000000000000e+00 0.000000000000000000e+00 0.000000000000000000e+00 6.875493541569879199e+03 1.000000000000000000e+00
0.000000000000000000e+00 0.000000000000000000e+00 0.000000000000000000e+00 6.970986507425015589e+03 9.999999999999990008e-01
0.000000000000000000e+00 0.000000000000000000e+00 0.000000000000000000e+00 7.066479473280152888e+03 9.999999999999962252e-01
0.000000000000000000e+00 0.000000000000000000e+00 0.000000000000000000e+00 7.161972439135290188e+03 9.999999999999933387e-01
0.000000000000000000e+00 0.000000000000000000e+00 0.000000000000000000e+00 7.257465404990427487e+03 9.999999999999922284e-01
0.000000000000000000e+00 0.000000000000000000e+00 0.000000000000000000e+00 7.352958370845564787e+03 9.999999999999938938e-01
0.000000000000000000e+00 0.000000000000000000e+00 0.000000000000000000e+00 7.448451336700702086e+03 9.999999999999971134e-01
0.000000000000000000e+00 0.000000000000000000e+00 0.000000000000000000e+00 7.543944302555839386e+03 9.999999999999995559e-01
0.000000000000000000e+00 0.000000000000000000e+00 0.000000000000000000e+00 7.639437268410976685e+03 9.999999999999991118e-01
0.000000000000000000e+00 0.000000000000000000e+00 0.000000000000000000e+00 7.734930234266113985e+03 9.999999999999960032e-01
0.000000000000000000e+00 0.000000000000000000e+00 0.000000000000000000e+00 7.830423200121250375e+03 9.999999999999926725e-01
0.000000000000000000e+00 0.000000000000000000e+00 0.000000000000000000e+00 7.925916165976387674e+03 9.999999999999922284e-01
0.000000000000000000e+00 0.000000000000000000e+00 0.000000000000000000e+00 8.021409131831524974e+03 9.999999999999951150e-01
0.000000000000000000e+00 0.000000000000000000e+00 0.000000000000000000e+00 8.116902097686662273e+03 9.999999999999988898e-01
0.000000000000000000e+00 0.000000000000000000e+00 0.000000000000000000e+00 8.212395063541800482e+03 9.999999999999993339e-01
0.000000000000000000e+00 0.000000000000000000e+00 0.000000000000000000e+00 8.307888029396935963e+03 9.999999999999953371e-01
0.000000000000000000e+00 0.000000000000000000e+00 0.000000000000000000e+00 8.403380995252073262e+03 9.999999999999912292e-01
0.000000000000000000e+00 0.000000000000000000e+00 0.000000000000000000e+00 8.498873961107210562e+03 9.999999999999923395e-01
0.000000000000000000e+00 0.000000000000000000e+00 0.000000000000000000e+00 8.594366926962347861e+03 9.999999999999980016e-01
0.000000000000000000e+00 0.000000000000000000e+00 0.000000000000000000e+00 8.689859892817485161e+03 9.999999999999993339e-01
0.000000000000000000e+00 0.000000000000000000e+00 0.000000000000000000e+00 8.785352858672622460e+03 9.999999999999906741e-01
0.000000000000000000e+00 0.000000000000000000e+00 0.000000000000000000e+00 8.880845824527759760e+03 9.999999999999839018e-01
0.000000000000000000e+00 0.000000000000000000e+00 0.000000000000000000e+00 8.976338790382897059e+03 9.999999999999937828e-01
0.000000000000000000e+00 0.000000000000000000e+00 0.000000000000000000e+00 9.071831756238034359e+03 9.999999999999966693e-01
0.000000000000000000e+00 0.000000000000000000e+00 0.000000000000000000e+00 9.167324722093171658e+03 9.999999999999651390e-01
0.000000000000000000e+00 0.000000000000000000e+00 0.000000000000000000e+00 9.262817687948308958e+03 9.999999999999980016e-01
0.000000000000000000e+00 0.000000000000000000e+00 0.000000000000000000e+00 9.358310653803446257e+03 9.999999999990558663e-01
0.000000000000000000e+00 0.000000000000000000e+00 0.000000000000000000e+00 9.453803619658583557e+03 9.999999999842803522e-01
0.000000000000000000e+00 0.000000000000000000e+00 0.000000000000000000e+00 9.549296585513720856e+03 9.999999998829605108e-01
0.000000000000000000e+00 0.000000000000000000e+00 0.000000000000000000e+00 9.644789551368858156e+03 9.999999993990376090e-01
0.000000000000000000e+00 0.000000000000000000e+00 0.000000000000000000e+00 9.740282517223995455e+03 9.999999975453155443e-01
0.000000000000000000e+00 0.000000000000000000e+00 0.000000000000000000e+00 9.835775483079132755e+03 9.999999914617776486e-01
0.000000000000000000e+00 0.000000000000000000e+00 0.000000000000000000e+00 9.931268448934270054e+03 9.999999737056521898e-01
0.000000000000000000e+00 0.000000000000000000e+00 0.000000000000000000e+00 1.002676141478940735e+04 9.999999265089929423e-01
0.000000000000000000e+00 0.000000000000000000e+00 0.000000000000000000e+00 1.012225438064454465e+04 9.999998103991426524e-01
0.000000000000000000e+00 0.000000000000000000e+00 0.000000000000000000e+00 1.021774734649968013e+04 9.999995429289947335e-01
0.000000000000000000e+00 0.000000000000000000e+00 0.000000000000000000e+00 1.031324031235481743e+04 9.999989609428833193e-01
0.000000000000000000e+00 0.000000000000000000e+00 0.000000000000000000e+00 1.040873327820995473e+04 9.999977567393391054e-01
0.000000000000000000e+00 0.000000000000000000e+00 0.000000000000000000e+00 1.050422624406509203e+04 9.999953747233161216e-01
0.000000000000000000e+00 0.000000000000000000e+00 0.000000000000000000e+00 1.059971920992022933e+04 9.999908508869570500e-01
0.000000000000000000e+00 0.000000000000000000e+00 0.000000000000000000e+00 1.069521217577536663e+04 9.999825731920215510e-01
0.000000000000000000e+00 0.000000000000000000e+00 0.000000000000000000e+00 1.079070514163050393e+04 9.999679374391893250e-01
0.000000000000000000e+00 0.000000000000000000e+00 0.000000000000000000e+00 1.088619810748564123e+04 9.999428716450948773e-01
0.000000000000000000e+00 0.000000000000000000e+00 0.000000000000000000e+00 1.098169107334077853e+04 9.999012037959416066e-01
0.000000000000000000e+00 0.000000000000000000e+00 0.000000000000000000e+00 1.107718403919591583e+04 9.998338548560981032e-01
0.000000000000000000e+00 0.000000000000000000e+00 0.000000000000000000e+00 1.117267700505105313e+04 9.997278529167940020e-01
0.000000000000000000e+00 0.000000000000000000e+00 0.000000000000000000e+00 1.126816997090619043e+04 9.995651870151380791e-01
0.000000000000000000e+00 0.000000000000000000e+00 0.000000000000000000e+00 1.136366293676132773e+04 9.993215514871844896e-01
0.000000000000000000e+00 0.000000000000000000e+00 0.000000000000000000e+00 1.145915590261646503e+04 9.989650736861275249e-01
0.000000000000000000e+00 0.000000000000000000e+00 0.000000000000000000e+00 1.155464886847160233e+04 9.984551677253886703e-01
0.000000000000000000e+00 0.000000000000000000e+00 0.000000000000000000e+00 1.165014183432673963e+04 9.977417104402550585e-01
0.000000000000000000e+00 0.000000000000000000e+00 0.000000000000000000e+00 1.174563480018187693e+04 9.967647858537214134e-01
0.000000000000000000e+00 0.000000000000000000e+00 0.000000000000000000e+00 1.184112776603701423e+04 9.954552806023713174e-01
0.000000000000000000e+00 0.000000000000000000e+00 0.000000000000000000e+00 1.193662073189215153e+04 9.937366214733589498e-01
0.000000000000000000e+00 0.000000000000000000e+00 0.000000000000000000e+00 1.203211369774728701e+04 9.915279121031483900e-01
0.000000000000000000e+00 0.000000000000000000e+00 0.000000000000000000e+00 1.212760666360242431e+04 9.887486347006761989e-01
0.000000000000000000e+00 0.000000000000000000e+00 0.000000000000000000e+00 1.222309962945756160e+04 9.853249256030445213e-01
0.000000000000000000e+00 0.000000000000000000e+00 0.000000000000000000e+00 1.231859259531269890e+04 9.811972130435848705e-01
0.000000000000000000e+00 0.000000000000000000e+00 0.000000000000000000e+00 1.241408556116783620e+04 9.763287411286073469e-01
0.000000000000000000e+00 0.000000000000000000e+00 0.000000000000000000e+00 1.250957852702297350e+04 9.707142351364609345e-01
0.000000000000000000e+00 0.000000000000000000e+00 0.000000000000000000e+00 1.260507149287811080e+04 9.643877469422436066e-01
0.000000000000000000e+00 0.000000000000000000e+00 0.000000000000000000e+00 1.270056445873324810e+04 9.574286200820436576e-01
0.000000000000000000e+00 0.000000000000000000e+00 0.000000000000000000e+00 1.279605742458838540e+04 9.499645856770655428e-01
0.000000000000000000e+00 0.000000000000000000e+00 0.000000000000000000e+00 1.289155039044352270e+04 9.421712652868325932e-01
0.000000000000000000e+00 0.000000000000000000e+00 0.000000000000000000e+00 1.298704335629866000e+04 9.342677880377205923e-01
0.000000000000000000e+00 0.000000000000000000e+00 0.000000000000000000e+00 1.308253632215379730e+04 9.265087477372951907e-01
0.000000000000000000e+00 0.000000000000000000e+00 0.000000000000000000e+00 1.317802928800893460e+04 9.191732142428219454e-01
0.000000000000000000e+00 0.000000000000000000e+00 0.000000000000000000e+00 1.327352225386407190e+04 9.125518496614591912e-01
0.000000000000000000e+00 0.000000000000000000e+00 0.000000000000000000e+00 1.336901521971920920e+04 9.069332747294740482e-01
0.000000000000000000e+00 0.000000000000000000e+00 0.000000000000000000e+00 1.346450818557434650e+04 9.025906585771130697e-01
0.000000000000000000e+00 0.000000000000000000e+00 0.000000000000000000e+00 1.356000115142948380e+04 8.997691154908387112e-01
0.000000000000000000e+00 0.000000000000000000e+00 0.000000000000000000e+00 1.365549411728462110e+04 8.986739974574700085e-01
0.000000000000000000e+00 0.000000000000000000e+00 0.000000000000000000e+00 1.375098708313975840e+04 8.994597179764876049e-01
0.000000000000000000e+00 0.000000000000000000e+00 0.000000000000000000e+00 1.384648004899489388e+04 9.022184796941947749e-01
0.000000000000000000e+00 0.000000000000000000e+00 0.000000000000000000e+00 1.394197301485003118e+04 9.069683294369240700e-01
0.000000000000000000e+00 0.000000000000000000e+00 0.000000000000000000e+00 1.403746598070516848e+04 9.136404065777816719e-01
0.000000000000000000e+00 0.000000000000000000e+00 0.000000000000000000e+00 1.413295894656030578e+04 9.220660941506119146e-01
0.000000000000000000e+00 0.000000000000000000e+00 0.000000000000000000e+00 1.422845191241544308e+04 9.319659391037380392e-01
0.000000000000000000e+00 0.000000000000000000e+00 0.000000000000000000e+00 1.432394487827058038e+04 9.429434567918537624e-01
0.000000000000000000e+00 0.000000000000000000e+00 0.000000000000000000e+00 1.441943784412571767e+04 9.544878964506259278e-01
0.000000000000000000e+00 0.000000000000000000e+00 0.000000000000000000e+00 1.451493080998085497e+04 9.659902149154981910e-01
0.000000000000000000e+00 0.000000000000000000e+00 0.000000000000000000e+00 1.461042377583599227e+04 9.767753855946224029e-01
0.000000000000000000e+00 0.000000000000000000e+00 0.000000000000000000e+00 1.470591674169112957e+04 9.861514995116152926e-01
0.000000000000000000e+00 0.000000000000000000e+00 0.000000000000000000e+00 1.480140970754626687e+04 9.934721493606989418e-01
0.000000000000000000e+00 0.000000000000000000e+00 0.000000000000000000e+00 1.489690267340140417e+04 9.982042472420757928e-01
0.000000000000000000e+00 0.000000000000000000e+00 0.000000000000000000e+00 1.499239563925654147e+04 9.999901563488234890e-01
0.000000000000000000e+00 0.000000000000000000e+00 0.000000000000000000e+00 1.508788860511167877e+04 9.986922769439590120e-01
0.000000000000000000e+00 0.000000000000000000e+00 0.000000000000000000e+00 1.518338157096681607e+04 9.944107921001438255e-01
0.000000000000000000e+00 0.000000000000000000e+00 0.000000000000000000e+00 1.527887453682195337e+04 9.874707143300991419e-01
0.000000000000000000e+00 0.000000000000000000e+00 0.000000000000000000e+00 1.537436750267709067e+04 9.783810585074087518e-01
0.000000000000000000e+00 0.000000000000000000e+00 0.000000000000000000e+00 1.546986046853222797e+04 9.677747334974813320e-01
0.000000000000000000e+00 0.000000000000000000e+00 0.000000000000000000e+00 1.556535343438736527e+04 9.563408298658344631e-01
0.000000000000000000e+00 0.000000000000000000e+00 0.000000000000000000e+00 1.566084640024250075e+04 9.447607419050683131e-01
0.000000000000000000e+00 0.000000000000000000e+00 0.000000000000000000e+00 1.575633936609763805e+04 9.336566057741033653e-01
0.000000000000000000e+00 0.000000000000000000e+00 0.000000000000000000e+00 1.585183233195277535e+04 9.235562607280070058e-01
0.000000000000000000e+00 0.000000000000000000e+00 0.000000000000000000e+00 1.594732529780791265e+04 9.148748363471450595e-01
0.000000000000000000e+00 0.000000000000000000e+00 0.000000000000000000e+00 1.604281826366304995e+04 9.079101589770913749e-01
0.000000000000000000e+00 0.000000000000000000e+00 0.000000000000000000e+00 1.613831122951818725e+04 9.028478110743893836e-01
0.000000000000000000e+00 0.000000000000000000e+00 0.000000000000000000e+00 1.623380419537332455e+04 8.997716728867024560e-01
0.000000000000000000e+00 0.000000000000000000e+00 0.000000000000000000e+00 1.632929716122846185e+04 8.986766474337487542e-01
0.000000000000000000e+00 0.000000000000000000e+00 0.000000000000000000e+00 1.642479012708360096e+04 8.994815021173488967e-01
0.000000000000000000e+00 0.000000000000000000e+00 0.000000000000000000e+00 1.652028309293873826e+04 9.020409505727975397e-01
0.000000000000000000e+00 0.000000000000000000e+00 0.000000000000000000e+00 1.661577605879387193e+04 9.061570005316146315e-01
0.000000000000000000e+00 0.000000000000000000e+00 0.000000000000000000e+00 1.671126902464900922e+04 9.115901010134446203e-01
0.000000000000000000e+00 0.000000000000000000e+00 0.000000000000000000e+00 1.680676199050414652e+04 9.180707316804652685e-01
0.000000000000000000e+00 0.000000000000000000e+00 0.000000000000000000e+00 1.690225495635928382e+04 9.253118568809493016e-01
0.000000000000000000e+00 0.000000000000000000e+00 0.000000000000000000e+00 1.699774792221442112e+04 9.330222343277959629e-01
0.000000000000000000e+00 0.000000000000000000e+00 0.000000000000000000e+00 1.709324088806955842e+04 9.409200699502314746e-01
0.000000000000000000e+00 0.000000000000000000e+00 0.000000000000000000e+00 1.718873385392469572e+04 9.487460954185022999e-01
0.000000000000000000e+00 0.000000000000000000e+00 0.000000000000000000e+00 1.728422681977983302e+04 9.562749330136213199e-01
0.000000000000000000e+00 0.000000000000000000e+00 0.000000000000000000e+00 1.737971978563497032e+04 9.633236646640164214e-01
0.000000000000000000e+00 0.000000000000000000e+00 0.000000000000000000e+00 1.747521275149010762e+04 9.697568244947633032e-01
0.000000000000000000e+00 0.000000000000000000e+00 0.000000000000000000e+00 1.757070571734524492e+04 9.754875063513159805e-01
0.000000000000000000e+00 0.000000000000000000e+00 0.000000000000000000e+00 1.766619868320038222e+04 9.804747997433140849e-01
0.000000000000000000e+00 0.000000000000000000e+00 0.000000000000000000e+00 1.776169164905551952e+04 9.847182192722713223e-01
0.000000000000000000e+00 0.000000000000000000e+00 0.000000000000000000e+00 1.785718461491065682e+04 9.882500870502525236e-01
0.000000000000000000e+00 0.000000000000000000e+00 0.000000000000000000e+00 1.795267758076579412e+04 9.911269296164175735e-01
0.000000000000000000e+00 0.000000000000000000e+00 0.000000000000000000e+00 1.804817054662093142e+04 9.934208756951914410e-01
0.000000000000000000e+00 0.000000000000000000e+00 0.000000000000000000e+00 1.814366351247606872e+04 9.952118391514896967e-01
0.000000000000000000e+00 0.000000000000000000e+00 0.000000000000000000e+00 1.823915647833120602e+04 9.965810068176071956e-01
0.000000000000000000e+00 0.000000000000000000e+00 0.000000000000000000e+00 1.833464944418634332e+04 9.976058826318070505e-01
0.000000000000000000e+00 0.000000000000000000e+00 0.000000000000000000e+00 1.843014241004148062e+04 9.983569103356852992e-01
0.000000000000000000e+00 0.000000000000000000e+00 0.000000000000000000e+00 1.852563537589661792e+04 9.988955293249386358e-01
0.000000000000000000e+00 0.000000000000000000e+00 0.000000000000000000e+00 1.862112834175175522e+04 9.992734169716057657e-01
0.000000000000000000e+00 0.000000000000000000e+00 0.000000000000000000e+00 1.871662130760689251e+04 9.995326284434862263e-01
0.000000000000000000e+00 0.000000000000000000e+00 0.000000000000000000e+00 1.881211427346202981e+04 9.997063479816279408e-01
0.000000000000000000e+00 0.000000000000000000e+00 0.000000000000000000e+00 1.890760723931716711e+04 9.998199983732674045e-01
0.000000000000000000e+00 0.000000000000000000e+00 0.000000000000000000e+00 1.900310020517230441e+04 9.998925040214776683e-01
0.000000000000000000e+00 0.000000000000000000e+00 0.000000000000000000e+00 1.909859317102744171e+04 9.999375565580034264e-01
0.000000000000000000e+00 0.000000000000000000e+00 0.000000000000000000e+00 1.919408613688257901e+04 9.999647827081458162e-01
0.000000000000000000e+00 0.000000000000000000e+00 0.000000000000000000e+00 1.928957910273771631e+04 9.999807575019596939e-01
0.000000000000000000e+00 0.000000000000000000e+00 0.000000000000000000e+00 1.938507206859285361e+04 9.999898398279986056e-01
0.000000000000000000e+00 0.000000000000000000e+00 0.000000000000000000e+00 1.948056503444799091e+04 9.999948314601305732e-01
0.000000000000000000e+00 0.000000000000000000e+00 0.000000000000000000e+00 1.957605800030312821e+04 9.999974759662112467e-01
0.000000000000000000e+00 0.000000000000000000e+00 0.000000000000000000e+00 1.967155096615826551e+04 9.999988219064589456e-01
0.000000000000000000e+00 0.000000000000000000e+00 0.000000000000000000e+00 1.976704393201340281e+04 9.999994772755260719e-01
0.000000000000000000e+00 0.000000000000000000e+00 0.000000000000000000e+00 1.986253689786854011e+04 9.999997810125587083e-01
0.000000000000000000e+00 0.000000000000000000e+00 0.000000000000000000e+00 1.995802986372367741e+04 9.999999141356956667e-01
0.000000000000000000e+00 0.000000000000000000e+00 0.000000000000000000e+00 2.005352282957881471e+04 9.999999688537931641e-01
0.000000000000000000e+00 0.000000000000000000e+00 0.000000000000000000e+00 2.014901579543395201e+04 9.999999897139816296e-01
0.000000000000000000e+00 0.000000000000000000e+00 0.000000000000000000e+00 2.024450876128908931e+04 9.999999969780311027e-01
0.000000000000000000e+00 0.000000000000000000e+00 0.000000000000000000e+00 2.034000172714422297e+04 9.999999992379480229e-01
0.000000000000000000e+00 0.000000000000000000e+00 0.000000000000000000e+00 2.043549469299936027e+04 9.999999998448462213e-01
0.000000000000000000e+00 0.000000000000000000e+00 0.000000000000000000e+00 2.053098765885449757e+04 9.999999999774420445e-01
0.000000000000000000e+00 0.000000000000000000e+00 0.000000000000000000e+00 2.062648062470963487e+04 9.999999999983282262e-01
0.000000000000000000e+00 0.000000000000000000e+00 0.000000000000000000e+00 2.072197359056477217e+04 9.999999999999971134e-01
0.000000000000000000e+00 0.000000000000000000e+00 0.000000000000000000e+00 2.081746655641990947e+04 9.999999999999675815e-01
0.000000000000000000e+00 0.000000000000000000e+00 0.000000000000000000e+00 2.091295952227504677e+04 9.999999999999948930e-01
0.000000000000000000e+00 0.000000000000000000e+00 0.000000000000000000e+00 2.100845248813018407e+04 9.999999999999955591e-01
0.000000000000000000e+00 0.000000000000000000e+00 0.000000000000000000e+00 2.110394545398532136e+04 9.999999999999844569e-01
0.000000000000000000e+00 0.000000000000000000e+00 0.000000000000000000e+00 2.119943841984045866e+04 9.999999999999900080e-01
0.000000000000000000e+00 0.000000000000000000e+00 0.000000000000000000e+00 2.129493138569559596e+04 9.999999999999991118e-01
0.000000000000000000e+00 0.000000000000000000e+00 0.000000000000000000e+00 2.139042435155073326e+04 9.999999999999976685e-01
0.000000000000000000e+00 0.000000000000000000e+00 0.000000000000000000e+00 2.148591731740587056e+04 9.999999999999904521e-01
0.000000000000000000e+00 0.000000000000000000e+00 0.000000000000000000e+00 2.158141028326100786e+04 9.999999999999878986e-01
0.000000000000000000e+00 0.000000000000000000e+00 0.000000000000000000e+00 2.167690324911614516e+04 9.999999999999924505e-01
0.000000000000000000e+00 0.000000000000000000e+00 0.000000000000000000e+00 2.177239621497128246e+04 9.999999999999984457e-01
0.000000000000000000e+00 0.000000000000000000e+00 0.000000000000000000e+00 2.186788918082641976e+04 9.999999999999997780e-01
0.000000000000000000e+00 0.000000000000000000e+00 0.000000000000000000e+00 2.196338214668155706e+04 9.999999999999963363e-01
0.000000000000000000e+00 0.000000000000000000e+00 0.000000000000000000e+00 2.205887511253669436e+04 9.999999999999921174e-01
0.000000000000000000e+00 0.000000000000000000e+00 0.000000000000000000e+00 2.215436807839183166e+04 9.999999999999911182e-01
0.000000000000000000e+00 0.000000000000000000e+00 0.000000000000000000e+00 2.224986104424696896e+04 9.999999999999937828e-01
0.000000000000000000e+00 0.000000000000000000e+00 0.000000000000000000e+00 2.234535401010210626e+04 9.999999999999976685e-01
0.000000000000000000e+00 0.000000000000000000e+00 0.000000000000000000e+00 2.244084697595724356e+04 9.999999999999997780e-01
0.000000000000000000e+00 0.000000000000000000e+00 0.000000000000000000e+00 2.253633994181238086e+04 9.999999999999991118e-01
0.000000000000000000e+00 0.000000000000000000e+00 0.000000000000000000e+00 2.263183290766751816e+04 9.999999999999966693e-01
0.000000000000000000e+00 0.000000000000000000e+00 0.000000000000000000e+00 2.272732587352265546e+04 9.999999999999944489e-01
0.000000000000000000e+00 0.000000000000000000e+00 0.000000000000000000e+00 2.282281883937779276e+04 9.999999999999943379e-01
0.000000000000000000e+00 0.000000000000000000e+00 0.000000000000000000e+00 2.291831180523293006e+04 9.999999999999960032e-01
0.000000000000000000e+00 0.000000000000000000e+00 0.000000000000000000e+00 2.301380477108806735e+04 9.999999999999984457e-01
0.000000000000000000e+00 0.000000000000000000e+00 0.000000000000000000e+00 2.310929773694320465e+04 9.999999999999997780e-01
0.000000000000000000e+00 0.000000000000000000e+00 0.000000000000000000e+00 2.320479070279834195e+04 9.999999999999995559e-01
0.000000000000000000e+00 0.000000000000000000e+00 0.000000000000000000e+00 2.330028366865347925e+04 9.999999999999982236e-01
0.000000000000000000e+00 0.000000000000000000e+00 0.000000000000000000e+00 2.339577663450861655e+04 9.999999999999966693e-01
0.000000000000000000e+00 0.000000000000000000e+00 0.000000000000000000e+00 2.349126960036375385e+04 9.999999999999961142e-01
0.000000000000000000e+00 0.000000000000000000e+00 0.000000000000000000e+00 2.358676256621889115e+04 9.999999999999968914e-01
0.000000000000000000e+00 0.000000000000000000e+00 0.000000000000000000e+00 2.368225553207402845e+04 9.999999999999982236e-01
0.000000000000000000e+00 0.000000000000000000e+00 0.000000000000000000e+00 2.377774849792916575e+04 9.999999999999995559e-01
0.000000000000000000e+00 0.000000000000000000e+00 0.000000000000000000e+00 2.387324146378430305e+04 1.000000000000000000e+00
0.000000000000000000e+00 0.000000000000000000e+00 0.000000000000000000e+00 2.396873442963943671e+04 9.999999999999993339e-01
0.000000000000000000e+00 0.000000000000000000e+00 0.000000000000000000e+00 2.406422739549457401e+04 9.999999999999982236e-01
0.000000000000000000e+00 0.000000000000000000e+00 0.000000000000000000e+00 2.415972036134971131e+04 9.999999999999973355e-01
0.000000000000000000e+00 0.000000000000000000e+00 0.000000000000000000e+00 2.425521332720484861e+04 9.999999999999972244e-01
0.000000000000000000e+00 0.000000000000000000e+00 0.000000000000000000e+00 2.435070629305998591e+04 9.999999999999977796e-01
0.000000000000000000e+00 0.000000000000000000e+00 0.000000000000000000e+00 2.444619925891512321e+04 9.999999999999988898e-01
0.000000000000000000e+00 0.000000000000000000e+00 0.000000000000000000e+00 2.454169222477026051e+04 9.999999999999997780e-01
0.000000000000000000e+00 0.000000000000000000e+00 0.000000000000000000e+00 2.463718519062539781e+04 1.000000000000000000e+00
0.000000000000000000e+00 0.000000000000000000e+00 0.000000000000000000e+00 2.473267815648053511e+04 9.999999999999995559e-01
0.000000000000000000e+00 0.000000000000000000e+00 0.000000000000000000e+00 2.482817112233567241e+04 9.999999999999986677e-01
0.000000000000000000e+00 0.000000000000000000e+00 0.000000000000000000e+00 2.492366408819080971e+04 9.999999999999980016e-01
0.000000000000000000e+00 0.000000000000000000e+00 0.000000000000000000e+00 2.501915705404594701e+04 9.999999999999977796e-01
0.000000000000000000e+00 0.000000000000000000e+00 0.000000000000000000e+00 2.511465001990108431e+04 9.999999999999982236e-01
0.000000000000000000e+00 0.000000000000000000e+00 0.000000000000000000e+00 2.521014298575622161e+04 9.999999999999988898e-01
0.000000000000000000e+00 0.000000000000000000e+00 0.000000000000000000e+00 2.530563595161135891e+04 9.999999999999996669e-01
0.000000000000000000e+00 0.000000000000000000e+00 0.000000000000000000e+00 2.540112891746649620e+04 1.000000000000000000e+00
0.000000000000000000e+00 0.000000000000000000e+00 0.000000000000000000e+00 2.549662188332163350e+04 9.999999999999997780e-01
0.000000000000000000e+00 0.000000000000000000e+00 0.000000000000000000e+00 2.559211484917677080e+04 9.999999999999991118e-01
0.000000000000000000e+00 0.000000000000000000e+00 0.000000000000000000e+00 2.568760781503190810e+04 9.999999999999984457e-01
0.000000000000000000e+00 0.000000000000000000e+00 0.000000000000000000e+00 2.578310078088704540e+04 9.999999999999981126e-01
0.000000000000000000e+00 0.000000000000000000e+00 0.000000000000000000e+00 2.587859374674218270e+04 9.999999999999982236e-01
0.000000000000000000e+00 0.000000000000000000e+00 0.000000000000000000e+00 2.597408671259732000e+04 9.999999999999987788e-01
0.000000000000000000e+00 0.000000000000000000e+00 0.000000000000000000e+00 2.606957967845245730e+04 9.999999999999994449e-01
0.000000000000000000e+00 0.000000000000000000e+00 0.000000000000000000e+00 2.616507264430759460e+04 9.999999999999998890e-01
0.000000000000000000e+00 0.000000000000000000e+00 0.000000000000000000e+00 2.626056561016273190e+04 9.999999999999998890e-01
0.000000000000000000e+00 0.000000000000000000e+00 0.000000000000000000e+00 2.635605857601786920e+04 9.999999999999995559e-01
0.000000000000000000e+00 0.000000000000000000e+00 0.000000000000000000e+00 2.645155154187300650e+04 9.999999999999988898e-01
0.000000000000000000e+00 0.000000000000000000e+00 0.000000000000000000e+00 2.654704450772814380e+04 9.999999999999984457e-01
0.000000000000000000e+00 0.000000000000000000e+00 0.000000000000000000e+00 2.664253747358328110e+04 9.999999999999983347e-01
0.000000000000000000e+00 0.000000000000000000e+00 0.000000000000000000e+00 2.673803043943841840e+04 9.999999999999986677e-01
0.000000000000000000e+00 0.000000000000000000e+00 0.000000000000000000e+00 2.683352340529355570e+04 9.999999999999991118e-01
0.000000000000000000e+00 0.000000000000000000e+00 0.000000000000000000e+00 2.692901637114869300e+04 9.999999999999996669e-01
0.000000000000000000e+00 0.000000000000000000e+00 0.000000000000000000e+00 2.702450933700383030e+04 9.999999999999998890e-01
0.000000000000000000e+00 0.000000000000000000e+00 0.000000000000000000e+00 2.712000230285896760e+04 9.999999999999997780e-01
0.000000000000000000e+00 0.000000000000000000e+00 0.000000000000000000e+00 2.721549526871410490e+04 9.999999999999993339e-01
0.000000000000000000e+00 0.000000000000000000e+00 0.000000000000000000e+00 2.731098823456924219e+04 9.999999999999988898e-01
0.000000000000000000e+00 0.000000000000000000e+00 0.000000000000000000e+00 2.740648120042437949e+04 9.999999999999984457e-01
0.000000000000000000e+00 0.000000000000000000e+00 0.000000000000000000e+00 2.750197416627951679e+04 9.999999999999984457e-01
0.000000000000000000e+00 0.000000000000000000e+00 0.000000000000000000e+00 2.759746713213465409e+04 9.999999999999987788e-01
0.000000000000000000e+00 0.000000000000000000e+00 0.000000000000000000e+00 2.769296009798978776e+04 9.999999999999993339e-01
0.000000000000000000e+00 0.000000000000000000e+00 0.000000000000000000e+00 2.778845306384492505e+04 9.999999999999997780e-01
0.000000000000000000e+00 0.000000000000000000e+00 0.000000000000000000e+00 2.788394602970006235e+04 9.999999999999998890e-01
0.000000000000000000e+00 0.000000000000000000e+00 0.000000000000000000e+00 2.797943899555519965e+04 9.999999999999997780e-01
0.000000000000000000e+00 0.000000000000000000e+00 0.000000000000000000e+00 2.807493196141033695e+04 9.999999999999993339e-01
0.000000000000000000e+00 0.000000000000000000e+00 0.000000000000000000e+00 2.817042492726547425e+04 9.999999999999988898e-01
0.000000000000000000e+00 0.000000000000000000e+00 0.000000000000000000e+00 2.826591789312061155e+04 9.999999999999986677e-01
0.000000000000000000e+00 0.000000000000000000e+00 0.000000000000000000e+00 2.836141085897574885e+04 9.999999999999985567e-01
0.000000000000000000e+00 0.000000000000000000e+00 0.000000000000000000e+00 2.845690382483088615e+04 9.999999999999988898e-01
0.000000000000000000e+00 0.000000000000000000e+00 0.000000000000000000e+00 2.855239679068602345e+04 9.999999999999993339e-01
0.000000000000000000e+00 0.000000000000000000e+00 0.000000000000000000e+00 2.864788975654116075e+04 9.999999999999997780e-01
0.000000000000000000e+00 0.000000000000000000e+00 0.000000000000000000e+00 2.874338272239629805e+04 1.000000000000000000e+00
0.000000000000000000e+00 0.000000000000000000e+00 0.000000000000000000e+00 2.883887568825143535e+04 9.999999999999997780e-01
0.000000000000000000e+00 0.000000000000000000e+00 0.000000000000000000e+00 2.893436865410657265e+04 9.999999999999994449e-01
0.000000000000000000e+00 0.000000000000000000e+00 0.000000000000000000e+00 2.902986161996170995e+04 9.999999999999990008e-01
0.000000000000000000e+00 0.000000000000000000e+00 0.000000000000000000e+00 2.912535458581684725e+04 9.999999999999986677e-01
0.000000000000000000e+00 0.000000000000000000e+00 0.000000000000000000e+00 2.922084755167198455e+04 9.999999999999986677e-01
0.000000000000000000e+00 0.000000000000000000e+00 0.000000000000000000e+00 2.931634051752712185e+04 9.999999999999988898e-01
0.000000000000000000e+00 0.000000000000000000e+00 0.000000000000000000e+00 2.941183348338225915e+04 9.999999999999993339e-01
0.000000000000000000e+00 0.000000000000000000e+00 0.000000000000000000e+00 2.950732644923739645e+04 9.999999999999997780e-01
0.000000000000000000e+00 0.000000000000000000e+00 0.000000000000000000e+00 2.960281941509253375e+04 1.000000000000000000e+00
0.000000000000000000e+00 0.000000000000000000e+00 0.000000000000000000e+00 2.969831238094767104e+04 9.999999999999998890e-01
0.000000000000000000e+00 0.000000000000000000e+00 0.000000000000000000e+00 2.979380534680280834e+04 9.999999999999995559e-01
0.000000000000000000e+00 0.000000000000000000e+00 0.000000000000000000e+00 2.988929831265794564e+04 9.999999999999991118e-01
0.000000000000000000e+00 0.000000000000000000e+00 0.000000000000000000e+00 2.998479127851308294e+04 9.999999999999988898e-01
