2.454369999999999891e+03 3.874998749999999980e-04
7.363109999999999673e+03 3.868161749999999557e-04
9.466850000000000364e+03 3.834309999999999954e-04
1.227179999999999927e+04 3.689937500000000075e-04
1.437560000000000036e+04 3.573762250000000378e-04
1.647929999999999927e+04 3.431185000000000116e-04
1.718059999999999854e+04 3.391904500000000010e-04
1.928429999999999927e+04 3.361170250000000432e-04
2.138809999999999854e+04 3.341196750000000309e-04
2.349179999999999927e+04 3.327232500000000233e-04
2.419309999999999854e+04 3.316460999999999823e-04
2.629679999999999927e+04 3.293896749999999864e-04
2.840059999999999854e+04 3.280211999999999690e-04
3.050429999999999927e+04 3.292800250000000001e-04
3.120559999999999854e+04 3.302475250000000005e-04
3.330930000000000291e+04 3.361836749999999488e-04
3.541300000000000000e+04 3.412619750000000455e-04
3.751680000000000291e+04 3.396322750000000160e-04
3.821800000000000000e+04 3.372318000000000125e-04
4.032180000000000291e+04 3.151405500000000197e-04
4.242550000000000000e+04 2.145323750000000180e-04
4.452930000000000291e+04 1.750497750000000040e-04
4.523050000000000000e+04 1.645728249999999925e-04
4.733430000000000291e+04 1.049132275000000023e-04
4.943800000000000000e+04 4.247314249999999786e-05
5.154180000000000291e+04 3.339756250000000098e-05
5.224300000000000000e+04 3.386690749999999640e-05
5.434669999999999709e+04 2.912153499999999798e-05
5.645050000000000000e+04 2.336748999999999876e-05
5.855419999999999709e+04 2.206964249999999916e-05
5.925550000000000000e+04 2.199998250000000159e-05
6.135919999999999709e+04 2.253070999999999828e-05
6.346300000000000000e+04 2.278290499999999528e-05
6.626800000000000000e+04 2.505448749999999785e-05
6.837169999999999709e+04 2.638587499999999917e-05
7.328050000000000000e+04 2.243847500000000034e-05
