# Tone frequency (Hz)	Measured Fidelity	Simulated Fidelity	Frequency (Hz)	Analytic Fidelity
1.000000000000000000e+04 1.028000599999999952e-02 5.883628903135627305e-05 1.591549430918953456e-01 9.999988367052876637e-01
1.020000000000000000e+04 1.998499300000000038e-03 1.755661774475237083e-05 9.549296585513720004e+01 9.999971727035270597e-01
1.040000000000000000e+04 1.376625300000000086e-02 1.968781715168895866e-05 1.909859317102744001e+02 9.999928424916564307e-01
1.060000000000000000e+04 9.767123500000000555e-03 7.336867102256575232e-05 2.864788975654116143e+02 9.999875686508735706e-01
1.080000000000000000e+04 7.000000000000000146e-03 1.033089386595378948e-04 3.819718634205488001e+02 9.999834502053664975e-01
1.100000000000000000e+04 1.099828899999999963e-02 6.158739220065295456e-05 4.774648292756860428e+02 9.999821281954848207e-01
1.120000000000000000e+04 9.045915700000000531e-03 1.169631145772365041e-05 5.729577951308232286e+02 9.999841321641045333e-01
1.140000000000000000e+04 7.241597399999999927e-03 4.403234609884680123e-05 6.684507609859604145e+02 9.999886672037004987e-01
1.160000000000000000e+04 1.749682199999999868e-02 1.302455242905126945e-04 7.639437268410976003e+02 9.999939269666080488e-01
1.180000000000000000e+04 1.779988999999999877e-02 1.465393850138522081e-04 8.594366926962348998e+02 9.999978096763054713e-01
1.200000000000000000e+04 1.020158900000000049e-02 6.163814922349629335e-05 9.549296585513720856e+02 9.999987539568375716e-01
1.220000000000000000e+04 7.840369800000000083e-03 1.142749615568860051e-05 1.050422624406509158e+03 9.999963627683681189e-01
1.240000000000000000e+04 9.436450900000000613e-03 1.100796911397155956e-04 1.145915590261646457e+03 9.999915665999707937e-01
1.260000000000000000e+04 1.790789300000000112e-02 2.497571455750981738e-04 1.241408556116783757e+03 9.999862590625174796e-01
1.280000000000000000e+04 8.729214799999999302e-03 2.241210513122485085e-04 1.336901521971920829e+03 9.999825473445502766e-01
1.300000000000000000e+04 1.465819399999999939e-02 5.708908549034881746e-05 1.432394487827058128e+03 9.999819136589094271e-01
1.320000000000000000e+04 8.729558400000000246e-03 3.985766870097022199e-05 1.527887453682195201e+03 9.999846206393404602e-01
1.340000000000000000e+04 1.887204099999999912e-02 3.167947044556141930e-04 1.623380419537332500e+03 9.999895985818284538e-01
1.360000000000000000e+04 8.050164199999999479e-03 5.744132045606477896e-04 1.718873385392469800e+03 9.999948624999994706e-01
1.380000000000000000e+04 7.103652700000000035e-03 4.119672726666819928e-04 1.814366351247606872e+03 9.999982968142899775e-01
1.400000000000000000e+04 1.285744599999999981e-02 4.234506603691865184e-05 1.909859317102744171e+03 9.999984981887095614e-01
1.420000000000000000e+04 1.724801399999999901e-02 2.534435677305313752e-04 2.005352282957881243e+03 9.999953414559425990e-01
1.440000000000000000e+04 1.102855200000000049e-02 1.307181926922390981e-03 2.100845248813018316e+03 9.999900409432000981e-01
1.460000000000000000e+04 9.754008600000000848e-03 2.098208500954999983e-03 2.196338214668155615e+03 9.999846783461261435e-01
1.480000000000000000e+04 9.545463100000000159e-03 1.270605943044655992e-03 2.291831180523292915e+03 9.999813803279026247e-01
1.500000000000000000e+04 1.215963999999999934e-02 1.005428573802673931e-05 2.387324146378430214e+03 9.999814700558669056e-01
1.520000000000000000e+04 1.275682199999999926e-02 3.716102450537848122e-03 2.482817112233567514e+03 9.999849303243030230e-01
1.540000000000000000e+04 2.199131299999999845e-02 1.958497471457979963e-02 2.578310078088704358e+03 9.999903953534148293e-01
1.560000000000000000e+04 6.998669400000000207e-02 5.057488891263260677e-02 2.673803043943841658e+03 9.999956803787737325e-01
1.580000000000000000e+04 9.944222899999999310e-02 9.104092317598837247e-02 2.769296009798978957e+03 9.999986442845242296e-01
1.600000000000000000e+04 1.443009199999999992e-01 1.289712113303458085e-01 2.864788975654116257e+03 9.999980455221637587e-01
1.620000000000000000e+04 1.570431100000000135e-01 1.528978965891203134e-01 2.960281941509253556e+03 9.999940499893253953e-01
1.640000000000000000e+04 1.806412900000000099e-01 1.572142179145394891e-01 3.055774907364390401e+03 9.999881838117357091e-01
1.660000000000000000e+04 1.578756000000000048e-01 1.433559772327862025e-01 3.151267873219527701e+03 9.999827424488347827e-01
1.680000000000000000e+04 1.258521400000000012e-01 1.177612803652672985e-01 3.246760839074665000e+03 9.999798843308871366e-01
1.700000000000000000e+04 1.031891300000000039e-01 8.861015055158427689e-02 3.342253804929802300e+03 9.999807660196922132e-01
1.720000000000000000e+04 7.726471099999999981e-02 6.239294902008316740e-02 3.437746770784939599e+03 9.999850643591435828e-01
1.740000000000000000e+04 5.303448399999999979e-02 4.217967606223513993e-02 3.533239736640076444e+03 9.999910820282706947e-01
1.760000000000000000e+04 4.643530399999999669e-02 2.799965085199802861e-02 3.628732702495213744e+03 9.999964035899049364e-01
1.780000000000000000e+04 2.792222100000000054e-02 1.838731899624422919e-02 3.724225668350351043e+03 9.999988493177554005e-01
1.800000000000000000e+04 1.427515900000000081e-02 1.173959477546562997e-02 3.819718634205488343e+03 9.999973512015051247e-01
1.820000000000000000e+04 1.701457600000000001e-02 6.971205523559771342e-03 3.915211600060625187e+03 9.999924001071256452e-01
1.840000000000000000e+04 9.415851899999999261e-03 3.593221406456111999e-03 4.010704565915762487e+03 9.999858779678968412e-01
1.860000000000000000e+04 5.709423199999999997e-03 1.450518477085681974e-03 4.106197531770900241e+03 9.999803308968605586e-01
1.880000000000000000e+04 7.897012900000000002e-03 3.802549290836317064e-04 4.201690497626036631e+03 9.999779631179975814e-01
1.900000000000000000e+04 6.077700299999999785e-03 4.037188384395213833e-05 4.297183463481173931e+03 9.999797480631252844e-01
1.920000000000000000e+04 9.192151900000000708e-03 1.342388577403844067e-05 4.392676429336311230e+03 9.999850137177339615e-01
1.940000000000000000e+04 1.148889500000000070e-02 2.339516473744824004e-05 4.488169395191448530e+03 9.999916772135019061e-01
1.960000000000000000e+04 1.149155299999999984e-02 1.142373963446279930e-05 4.583662361046585829e+03 9.999970484097817636e-01
1.980000000000000000e+04 9.274982799999999597e-03 1.908808096799361913e-05 4.679155326901723129e+03 9.999988936587334010e-01
0.000000000000000000e+00 0.000000000000000000e+00 0.000000000000000000e+00 4.774648292756860428e+03 9.999963404904228526e-01
0.000000000000000000e+00 0.000000000000000000e+00 0.000000000000000000e+00 4.870141258611997728e+03 9.999902581852557759e-01
0.000000000000000000e+00 0.000000000000000000e+00 0.000000000000000000e+00 4.965634224467135027e+03 9.999829502690615879e-01
0.000000000000000000e+00 0.000000000000000000e+00 0.000000000000000000e+00 5.061127190322272327e+03 9.999772659853283230e-01
0.000000000000000000e+00 0.000000000000000000e+00 0.000000000000000000e+00 5.156620156177408717e+03 9.999754721911464639e-01
0.000000000000000000e+00 0.000000000000000000e+00 0.000000000000000000e+00 5.252113122032546016e+03 9.999783306627001433e-01
0.000000000000000000e+00 0.000000000000000000e+00 0.000000000000000000e+00 5.347606087887683316e+03 9.999847544406008648e-01
0.000000000000000000e+00 0.000000000000000000e+00 0.000000000000000000e+00 5.443099053742820615e+03 9.999921950592878250e-01
0.000000000000000000e+00 0.000000000000000000e+00 0.000000000000000000e+00 5.538592019597957915e+03 9.999976248156093872e-01
0.000000000000000000e+00 0.000000000000000000e+00 0.000000000000000000e+00 5.634084985453095214e+03 9.999987372357335147e-01
0.000000000000000000e+00 0.000000000000000000e+00 0.000000000000000000e+00 5.729577951308232514e+03 9.999948916651590913e-01
0.000000000000000000e+00 0.000000000000000000e+00 0.000000000000000000e+00 5.825070917163369813e+03 9.999874171537996848e-01
0.000000000000000000e+00 0.000000000000000000e+00 0.000000000000000000e+00 5.920563883018507113e+03 9.999791361739027717e-01
0.000000000000000000e+00 0.000000000000000000e+00 0.000000000000000000e+00 6.016056848873643503e+03 9.999732765556912373e-01
0.000000000000000000e+00 0.000000000000000000e+00 0.000000000000000000e+00 6.111549814728780802e+03 9.999721891489306014e-01
0.000000000000000000e+00 0.000000000000000000e+00 0.000000000000000000e+00 6.207042780583918102e+03 9.999763782196098294e-01
0.000000000000000000e+00 0.000000000000000000e+00 0.000000000000000000e+00 6.302535746439055401e+03 9.999842415863440248e-01
0.000000000000000000e+00 0.000000000000000000e+00 0.000000000000000000e+00 6.398028712294192701e+03 9.999926462111744518e-01
0.000000000000000000e+00 0.000000000000000000e+00 0.000000000000000000e+00 6.493521678149330000e+03 9.999981354094757968e-01
0.000000000000000000e+00 0.000000000000000000e+00 0.000000000000000000e+00 6.589014644004467300e+03 9.999983051284109248e-01
0.000000000000000000e+00 0.000000000000000000e+00 0.000000000000000000e+00 6.684507609859604599e+03 9.999928040917863692e-01
0.000000000000000000e+00 0.000000000000000000e+00 0.000000000000000000e+00 6.780000575714741899e+03 9.999835449026794887e-01
0.000000000000000000e+00 0.000000000000000000e+00 0.000000000000000000e+00 6.875493541569879199e+03 9.999740149014761936e-01
0.000000000000000000e+00 0.000000000000000000e+00 0.000000000000000000e+00 6.970986507425015589e+03 9.999679317897749442e-01
0.000000000000000000e+00 0.000000000000000000e+00 0.000000000000000000e+00 7.066479473280152888e+03 9.999677592500689771e-01
0.000000000000000000e+00 0.000000000000000000e+00 0.000000000000000000e+00 7.161972439135290188e+03 9.999736715064160286e-01
0.000000000000000000e+00 0.000000000000000000e+00 0.000000000000000000e+00 7.257465404990427487e+03 9.999833973110117125e-01
0.000000000000000000e+00 0.000000000000000000e+00 0.000000000000000000e+00 7.352958370845564787e+03 9.999930383854991334e-01
0.000000000000000000e+00 0.000000000000000000e+00 0.000000000000000000e+00 7.448451336700702086e+03 9.999985717751445069e-01
0.000000000000000000e+00 0.000000000000000000e+00 0.000000000000000000e+00 7.543944302555839386e+03 9.999974611385775702e-01
0.000000000000000000e+00 0.000000000000000000e+00 0.000000000000000000e+00 7.639437268410976685e+03 9.999897358694846972e-01
0.000000000000000000e+00 0.000000000000000000e+00 0.000000000000000000e+00 7.734930234266113985e+03 9.999780843535641672e-01
0.000000000000000000e+00 0.000000000000000000e+00 0.000000000000000000e+00 7.830423200121250375e+03 9.999668839948246957e-01
0.000000000000000000e+00 0.000000000000000000e+00 0.000000000000000000e+00 7.925916165976387674e+03 9.999605129257043146e-01
0.000000000000000000e+00 0.000000000000000000e+00 0.000000000000000000e+00 8.021409131831524974e+03 9.999615896120803704e-01
0.000000000000000000e+00 0.000000000000000000e+00 0.000000000000000000e+00 8.116902097686662273e+03 9.999698421353281352e-01
0.000000000000000000e+00 0.000000000000000000e+00 0.000000000000000000e+00 8.212395063541800482e+03 9.999820871892504126e-01
0.000000000000000000e+00 0.000000000000000000e+00 0.000000000000000000e+00 8.307888029396935963e+03 9.999933766041755323e-01
0.000000000000000000e+00 0.000000000000000000e+00 0.000000000000000000e+00 8.403380995252073262e+03 9.999989053737731171e-01
0.000000000000000000e+00 0.000000000000000000e+00 0.000000000000000000e+00 8.498873961107210562e+03 9.999959519556611554e-01
0.000000000000000000e+00 0.000000000000000000e+00 0.000000000000000000e+00 8.594366926962347861e+03 9.999850743601679248e-01
0.000000000000000000e+00 0.000000000000000000e+00 0.000000000000000000e+00 8.689859892817485161e+03 9.999700465162322249e-01
0.000000000000000000e+00 0.000000000000000000e+00 0.000000000000000000e+00 8.785352858672622460e+03 9.999564991589657836e-01
0.000000000000000000e+00 0.000000000000000000e+00 0.000000000000000000e+00 8.880845824527759760e+03 9.999497464019935222e-01
0.000000000000000000e+00 0.000000000000000000e+00 0.000000000000000000e+00 8.976338790382897059e+03 9.999526284140060062e-01
0.000000000000000000e+00 0.000000000000000000e+00 0.000000000000000000e+00 9.071831756238034359e+03 9.999642354545540401e-01
0.000000000000000000e+00 0.000000000000000000e+00 0.000000000000000000e+00 9.167324722093171658e+03 9.999800705843373549e-01
0.000000000000000000e+00 0.000000000000000000e+00 0.000000000000000000e+00 9.262817687948308958e+03 9.999936630318185804e-01
0.000000000000000000e+00 0.000000000000000000e+00 0.000000000000000000e+00 9.358310653803446257e+03 9.999990651007926168e-01
0.000000000000000000e+00 0.000000000000000000e+00 0.000000000000000000e+00 9.453803619658583557e+03 9.999932804378727225e-01
0.000000000000000000e+00 0.000000000000000000e+00 0.000000000000000000e+00 9.549296585513720856e+03 9.999776448503567838e-01
0.000000000000000000e+00 0.000000000000000000e+00 0.000000000000000000e+00 9.644789551368858156e+03 9.999575443604779013e-01
0.000000000000000000e+00 0.000000000000000000e+00 0.000000000000000000e+00 9.740282517223995455e+03 9.999404859978067162e-01
0.000000000000000000e+00 0.000000000000000000e+00 0.000000000000000000e+00 9.835775483079132755e+03 9.999331975544463180e-01
0.000000000000000000e+00 0.000000000000000000e+00 0.000000000000000000e+00 9.931268448934270054e+03 9.999388609238121228e-01
0.000000000000000000e+00 0.000000000000000000e+00 0.000000000000000000e+00 1.002676141478940735e+04 9.999555967219625474e-01
0.000000000000000000e+00 0.000000000000000000e+00 0.000000000000000000e+00 1.012225438064454465e+04 9.999768874277784603e-01
0.000000000000000000e+00 0.000000000000000000e+00 0.000000000000000000e+00 1.021774734649968013e+04 9.999938961977984375e-01
0.000000000000000000e+00 0.000000000000000000e+00 0.000000000000000000e+00 1.031324031235481743e+04 9.999988780478048511e-01
0.000000000000000000e+00 0.000000000000000000e+00 0.000000000000000000e+00 1.040873327820995473e+04 9.999883881426455678e-01
0.000000000000000000e+00 0.000000000000000000e+00 0.000000000000000000e+00 1.050422624406509203e+04 9.999649831275347900e-01
0.000000000000000000e+00 0.000000000000000000e+00 0.000000000000000000e+00 1.059971920992022933e+04 9.999366240530702665e-01
0.000000000000000000e+00 0.000000000000000000e+00 0.000000000000000000e+00 1.069521217577536663e+04 9.999138551020547716e-01
0.000000000000000000e+00 0.000000000000000000e+00 0.000000000000000000e+00 1.079070514163050393e+04 9.999057286203739681e-01
0.000000000000000000e+00 0.000000000000000000e+00 0.000000000000000000e+00 1.088619810748564123e+04 9.999160185207388585e-01
0.000000000000000000e+00 0.000000000000000000e+00 0.000000000000000000e+00 1.098169107334077853e+04 9.999412632442183924e-01
0.000000000000000000e+00 0.000000000000000000e+00 0.000000000000000000e+00 1.107718403919591583e+04 9.999715679236951260e-01
0.000000000000000000e+00 0.000000000000000000e+00 0.000000000000000000e+00 1.117267700505105313e+04 9.999940690260087361e-01
0.000000000000000000e+00 0.000000000000000000e+00 0.000000000000000000e+00 1.126816997090619043e+04 9.999978935736031360e-01
0.000000000000000000e+00 0.000000000000000000e+00 0.000000000000000000e+00 1.136366293676132773e+04 9.999787473076156008e-01
0.000000000000000000e+00 0.000000000000000000e+00 0.000000000000000000e+00 1.145915590261646503e+04 9.999412520303669893e-01
0.000000000000000000e+00 0.000000000000000000e+00 0.000000000000000000e+00 1.155464886847160233e+04 9.998978892700394194e-01
0.000000000000000000e+00 0.000000000000000000e+00 0.000000000000000000e+00 1.165014183432673963e+04 9.998646664013886021e-01
0.000000000000000000e+00 0.000000000000000000e+00 0.000000000000000000e+00 1.174563480018187693e+04 9.998549430648281389e-01
0.000000000000000000e+00 0.000000000000000000e+00 0.000000000000000000e+00 1.184112776603701423e+04 9.998737205036020148e-01
0.000000000000000000e+00 0.000000000000000000e+00 0.000000000000000000e+00 1.193662073189215153e+04 9.999147280928144532e-01
0.000000000000000000e+00 0.000000000000000000e+00 0.000000000000000000e+00 1.203211369774728701e+04 9.999617584940673209e-01
0.000000000000000000e+00 0.000000000000000000e+00 0.000000000000000000e+00 1.212760666360242431e+04 9.999941641559717542e-01
0.000000000000000000e+00 0.000000000000000000e+00 0.000000000000000000e+00 1.222309962945756160e+04 9.999947627139894601e-01
0.000000000000000000e+00 0.000000000000000000e+00 0.000000000000000000e+00 1.231859259531269890e+04 9.999572427174687750e-01
0.000000000000000000e+00 0.000000000000000000e+00 0.000000000000000000e+00 1.241408556116783620e+04 9.998900297667310255e-01
0.000000000000000000e+00 0.000000000000000000e+00 0.000000000000000000e+00 1.250957852702297350e+04 9.998146398334191165e-01
0.000000000000000000e+00 0.000000000000000000e+00 0.000000000000000000e+00 1.260507149287811080e+04 9.997585207473504987e-01
0.000000000000000000e+00 0.000000000000000000e+00 0.000000000000000000e+00 1.270056445873324810e+04 9.997445755933407341e-01
0.000000000000000000e+00 0.000000000000000000e+00 0.000000000000000000e+00 1.279605742458838540e+04 9.997811348242430229e-01
0.000000000000000000e+00 0.000000000000000000e+00 0.000000000000000000e+00 1.289155039044352270e+04 9.998564321996803450e-01
0.000000000000000000e+00 0.000000000000000000e+00 0.000000000000000000e+00 1.298704335629866000e+04 9.999404027020917241e-01
0.000000000000000000e+00 0.000000000000000000e+00 0.000000000000000000e+00 1.308253632215379730e+04 9.999941423932251494e-01
0.000000000000000000e+00 0.000000000000000000e+00 0.000000000000000000e+00 1.317802928800893460e+04 9.999844092206038315e-01
0.000000000000000000e+00 0.000000000000000000e+00 0.000000000000000000e+00 1.327352225386407190e+04 9.998981502818480305e-01
0.000000000000000000e+00 0.000000000000000000e+00 0.000000000000000000e+00 1.336901521971920920e+04 9.997512374223525011e-01
0.000000000000000000e+00 0.000000000000000000e+00 0.000000000000000000e+00 1.346450818557434650e+04 9.995869573884947901e-01
0.000000000000000000e+00 0.000000000000000000e+00 0.000000000000000000e+00 1.356000115142948380e+04 9.994631241322247117e-01
0.000000000000000000e+00 0.000000000000000000e+00 0.000000000000000000e+00 1.365549411728462110e+04 9.994309234430739375e-01
0.000000000000000000e+00 0.000000000000000000e+00 0.000000000000000000e+00 1.375098708313975840e+04 9.995122685332071821e-01
0.000000000000000000e+00 0.000000000000000000e+00 0.000000000000000000e+00 1.384648004899489388e+04 9.996841597817871516e-01
0.000000000000000000e+00 0.000000000000000000e+00 0.000000000000000000e+00 1.394197301485003118e+04 9.998774948483435399e-01
0.000000000000000000e+00 0.000000000000000000e+00 0.000000000000000000e+00 1.403746598070516848e+04 9.999939142033346107e-01
0.000000000000000000e+00 0.000000000000000000e+00 0.000000000000000000e+00 1.413295894656030578e+04 9.999383290993101303e-01
0.000000000000000000e+00 0.000000000000000000e+00 0.000000000000000000e+00 1.422845191241544308e+04 9.996583201491908710e-01
0.000000000000000000e+00 0.000000000000000000e+00 0.000000000000000000e+00 1.432394487827058038e+04 9.991768526574277276e-01
0.000000000000000000e+00 0.000000000000000000e+00 0.000000000000000000e+00 1.441943784412571767e+04 9.986039878915551338e-01
0.000000000000000000e+00 0.000000000000000000e+00 0.000000000000000000e+00 1.451493080998085497e+04 9.981175825785645328e-01
0.000000000000000000e+00 0.000000000000000000e+00 0.000000000000000000e+00 1.461042377583599227e+04 9.979113870950686582e-01
0.000000000000000000e+00 0.000000000000000000e+00 0.000000000000000000e+00 1.470591674169112957e+04 9.981187238565680797e-01
0.000000000000000000e+00 0.000000000000000000e+00 0.000000000000000000e+00 1.480140970754626687e+04 9.987281103358220946e-01
0.000000000000000000e+00 0.000000000000000000e+00 0.000000000000000000e+00 1.489690267340140417e+04 9.995122277996167925e-01
0.000000000000000000e+00 0.000000000000000000e+00 0.000000000000000000e+00 1.499239563925654147e+04 9.999933564060616842e-01
0.000000000000000000e+00 0.000000000000000000e+00 0.000000000000000000e+00 1.508788860511167877e+04 9.994663486591071067e-01
0.000000000000000000e+00 0.000000000000000000e+00 0.000000000000000000e+00 1.518338157096681607e+04 9.970921667894188101e-01
0.000000000000000000e+00 0.000000000000000000e+00 0.000000000000000000e+00 1.527887453682195337e+04 9.920580695502075885e-01
0.000000000000000000e+00 0.000000000000000000e+00 0.000000000000000000e+00 1.537436750267709067e+04 9.837754688954607474e-01
0.000000000000000000e+00 0.000000000000000000e+00 0.000000000000000000e+00 1.546986046853222797e+04 9.720620996975175565e-01
0.000000000000000000e+00 0.000000000000000000e+00 0.000000000000000000e+00 1.556535343438736527e+04 9.572468313749213920e-01
0.000000000000000000e+00 0.000000000000000000e+00 0.000000000000000000e+00 1.566084640024250075e+04 9.401549329954022038e-01
0.000000000000000000e+00 0.000000000000000000e+00 0.000000000000000000e+00 1.575633936609763805e+04 9.219746149800960300e-01
0.000000000000000000e+00 0.000000000000000000e+00 0.000000000000000000e+00 1.585183233195277535e+04 9.040504180659447719e-01
0.000000000000000000e+00 0.000000000000000000e+00 0.000000000000000000e+00 1.594732529780791265e+04 8.876706460237400176e-01
0.000000000000000000e+00 0.000000000000000000e+00 0.000000000000000000e+00 1.604281826366304995e+04 8.739052150395159035e-01
0.000000000000000000e+00 0.000000000000000000e+00 0.000000000000000000e+00 1.613831122951818725e+04 8.635184996744269537e-01
0.000000000000000000e+00 0.000000000000000000e+00 0.000000000000000000e+00 1.623380419537332455e+04 8.569498024620147980e-01
0.000000000000000000e+00 0.000000000000000000e+00 0.000000000000000000e+00 1.632929716122846185e+04 8.543366909291331135e-01
0.000000000000000000e+00 0.000000000000000000e+00 0.000000000000000000e+00 1.642479012708360096e+04 8.555558953576469783e-01
0.000000000000000000e+00 0.000000000000000000e+00 0.000000000000000000e+00 1.652028309293873826e+04 8.602662723045841897e-01
0.000000000000000000e+00 0.000000000000000000e+00 0.000000000000000000e+00 1.661577605879387193e+04 8.679501480496830679e-01
0.000000000000000000e+00 0.000000000000000000e+00 0.000000000000000000e+00 1.671126902464900922e+04 8.779572184207512509e-01
0.000000000000000000e+00 0.000000000000000000e+00 0.000000000000000000e+00 1.680676199050414652e+04 8.895566724732891783e-01
0.000000000000000000e+00 0.000000000000000000e+00 0.000000000000000000e+00 1.690225495635928382e+04 9.019990328074338759e-01
0.000000000000000000e+00 0.000000000000000000e+00 0.000000000000000000e+00 1.699774792221442112e+04 9.145823998019885215e-01
0.000000000000000000e+00 0.000000000000000000e+00 0.000000000000000000e+00 1.709324088806955842e+04 9.267123898657355641e-01
0.000000000000000000e+00 0.000000000000000000e+00 0.000000000000000000e+00 1.718873385392469572e+04 9.379441871812315146e-01
0.000000000000000000e+00 0.000000000000000000e+00 0.000000000000000000e+00 1.728422681977983302e+04 9.479993246888378522e-01
0.000000000000000000e+00 0.000000000000000000e+00 0.000000000000000000e+00 1.737971978563497032e+04 9.567568621152358066e-01
0.000000000000000000e+00 0.000000000000000000e+00 0.000000000000000000e+00 1.747521275149010762e+04 9.642251082915934690e-01
0.000000000000000000e+00 0.000000000000000000e+00 0.000000000000000000e+00 1.757070571734524492e+04 9.705033813344695615e-01
0.000000000000000000e+00 0.000000000000000000e+00 0.000000000000000000e+00 1.766619868320038222e+04 9.757429815180085342e-01
0.000000000000000000e+00 0.000000000000000000e+00 0.000000000000000000e+00 1.776169164905551952e+04 9.801137757506953596e-01
0.000000000000000000e+00 0.000000000000000000e+00 0.000000000000000000e+00 1.785718461491065682e+04 9.837793734623143660e-01
0.000000000000000000e+00 0.000000000000000000e+00 0.000000000000000000e+00 1.795267758076579412e+04 9.868811917543157675e-01
0.000000000000000000e+00 0.000000000000000000e+00 0.000000000000000000e+00 1.804817054662093142e+04 9.895302802642064188e-01
0.000000000000000000e+00 0.000000000000000000e+00 0.000000000000000000e+00 1.814366351247606872e+04 9.918053957291870226e-01
0.000000000000000000e+00 0.000000000000000000e+00 0.000000000000000000e+00 1.823915647833120602e+04 9.937559450177912979e-01
0.000000000000000000e+00 0.000000000000000000e+00 0.000000000000000000e+00 1.833464944418634332e+04 9.954085576398696844e-01
0.000000000000000000e+00 0.000000000000000000e+00 0.000000000000000000e+00 1.843014241004148062e+04 9.967759628136416694e-01
0.000000000000000000e+00 0.000000000000000000e+00 0.000000000000000000e+00 1.852563537589661792e+04 9.978665797383003966e-01
0.000000000000000000e+00 0.000000000000000000e+00 0.000000000000000000e+00 1.862112834175175522e+04 9.986930217738968496e-01
0.000000000000000000e+00 0.000000000000000000e+00 0.000000000000000000e+00 1.871662130760689251e+04 9.992778317120367682e-01
0.000000000000000000e+00 0.000000000000000000e+00 0.000000000000000000e+00 1.881211427346202981e+04 9.996553413488886708e-01
0.000000000000000000e+00 0.000000000000000000e+00 0.000000000000000000e+00 1.890760723931716711e+04 9.998695028047887012e-01
0.000000000000000000e+00 0.000000000000000000e+00 0.000000000000000000e+00 1.900310020517230441e+04 9.999685965909147489e-01
0.000000000000000000e+00 0.000000000000000000e+00 0.000000000000000000e+00 1.909859317102744171e+04 9.999985317061708123e-01
0.000000000000000000e+00 0.000000000000000000e+00 0.000000000000000000e+00 1.919408613688257901e+04 9.999967414434027813e-01
0.000000000000000000e+00 0.000000000000000000e+00 0.000000000000000000e+00 1.928957910273771631e+04 9.999883574814361076e-01
0.000000000000000000e+00 0.000000000000000000e+00 0.000000000000000000e+00 1.938507206859285361e+04 9.999855387529308359e-01
0.000000000000000000e+00 0.000000000000000000e+00 0.000000000000000000e+00 1.948056503444799091e+04 9.999898194889116354e-01
0.000000000000000000e+00 0.000000000000000000e+00 0.000000000000000000e+00 1.957605800030312821e+04 9.999964521996760336e-01
0.000000000000000000e+00 0.000000000000000000e+00 0.000000000000000000e+00 1.967155096615826551e+04 9.999992272833535534e-01
0.000000000000000000e+00 0.000000000000000000e+00 0.000000000000000000e+00 1.976704393201340281e+04 9.999942813431924593e-01
0.000000000000000000e+00 0.000000000000000000e+00 0.000000000000000000e+00 1.986253689786854011e+04 9.999819130065603634e-01
0.000000000000000000e+00 0.000000000000000000e+00 0.000000000000000000e+00 1.995802986372367741e+04 9.999662030856684147e-01
0.000000000000000000e+00 0.000000000000000000e+00 0.000000000000000000e+00 2.005352282957881471e+04 9.999529994247112752e-01
0.000000000000000000e+00 0.000000000000000000e+00 0.000000000000000000e+00 2.014901579543395201e+04 9.999473142691172045e-01
0.000000000000000000e+00 0.000000000000000000e+00 0.000000000000000000e+00 2.024450876128908931e+04 9.999512494422239106e-01
0.000000000000000000e+00 0.000000000000000000e+00 0.000000000000000000e+00 2.034000172714422297e+04 9.999632289172586397e-01
0.000000000000000000e+00 0.000000000000000000e+00 0.000000000000000000e+00 2.043549469299936027e+04 9.999787377318432036e-01
0.000000000000000000e+00 0.000000000000000000e+00 0.000000000000000000e+00 2.053098765885449757e+04 9.999921714516468718e-01
0.000000000000000000e+00 0.000000000000000000e+00 0.000000000000000000e+00 2.062648062470963487e+04 9.999990074901163872e-01
0.000000000000000000e+00 0.000000000000000000e+00 0.000000000000000000e+00 2.072197359056477217e+04 9.999974447252980569e-01
0.000000000000000000e+00 0.000000000000000000e+00 0.000000000000000000e+00 2.081746655641990947e+04 9.999889189392126010e-01
0.000000000000000000e+00 0.000000000000000000e+00 0.000000000000000000e+00 2.091295952227504677e+04 9.999773672211287323e-01
0.000000000000000000e+00 0.000000000000000000e+00 0.000000000000000000e+00 2.100845248813018407e+04 9.999675958268264830e-01
0.000000000000000000e+00 0.000000000000000000e+00 0.000000000000000000e+00 2.110394545398532136e+04 9.999634214867393345e-01
0.000000000000000000e+00 0.000000000000000000e+00 0.000000000000000000e+00 2.119943841984045866e+04 9.999662990092237358e-01
0.000000000000000000e+00 0.000000000000000000e+00 0.000000000000000000e+00 2.129493138569559596e+04 9.999749207945901608e-01
0.000000000000000000e+00 0.000000000000000000e+00 0.000000000000000000e+00 2.139042435155073326e+04 9.999858793516638311e-01
0.000000000000000000e+00 0.000000000000000000e+00 0.000000000000000000e+00 2.148591731740587056e+04 9.999950798144002784e-01
0.000000000000000000e+00 0.000000000000000000e+00 0.000000000000000000e+00 2.158141028326100786e+04 9.999993268577701544e-01
0.000000000000000000e+00 0.000000000000000000e+00 0.000000000000000000e+00 2.167690324911614516e+04 9.999974788496377442e-01
0.000000000000000000e+00 0.000000000000000000e+00 0.000000000000000000e+00 2.177239621497128246e+04 9.999907600748398906e-01
0.000000000000000000e+00 0.000000000000000000e+00 0.000000000000000000e+00 2.186788918082641976e+04 9.999821621935576221e-01
0.000000000000000000e+00 0.000000000000000000e+00 0.000000000000000000e+00 2.196338214668155706e+04 9.999752128031115239e-01
0.000000000000000000e+00 0.000000000000000000e+00 0.000000000000000000e+00 2.205887511253669436e+04 9.999726113014055784e-01
0.000000000000000000e+00 0.000000000000000000e+00 0.000000000000000000e+00 2.215436807839183166e+04 9.999752538080725062e-01
0.000000000000000000e+00 0.000000000000000000e+00 0.000000000000000000e+00 2.224986104424696896e+04 9.999819932004352374e-01
0.000000000000000000e+00 0.000000000000000000e+00 0.000000000000000000e+00 2.234535401010210626e+04 9.999901844914381721e-01
0.000000000000000000e+00 0.000000000000000000e+00 0.000000000000000000e+00 2.244084697595724356e+04 9.999967673016303404e-01
0.000000000000000000e+00 0.000000000000000000e+00 0.000000000000000000e+00 2.253633994181238086e+04 9.999994480121031648e-01
0.000000000000000000e+00 0.000000000000000000e+00 0.000000000000000000e+00 2.263183290766751816e+04 9.999975295836918132e-01
0.000000000000000000e+00 0.000000000000000000e+00 0.000000000000000000e+00 2.272732587352265546e+04 9.999920935658288546e-01
0.000000000000000000e+00 0.000000000000000000e+00 0.000000000000000000e+00 2.282281883937779276e+04 9.999854988509666587e-01
0.000000000000000000e+00 0.000000000000000000e+00 0.000000000000000000e+00 2.291831180523293006e+04 9.999804218500143449e-01
0.000000000000000000e+00 0.000000000000000000e+00 0.000000000000000000e+00 2.301380477108806735e+04 9.999788247012999509e-01
0.000000000000000000e+00 0.000000000000000000e+00 0.000000000000000000e+00 2.310929773694320465e+04 9.999812457781326325e-01
0.000000000000000000e+00 0.000000000000000000e+00 0.000000000000000000e+00 2.320479070279834195e+04 9.999866651714435228e-01
0.000000000000000000e+00 0.000000000000000000e+00 0.000000000000000000e+00 2.330028366865347925e+04 9.999929679284076389e-01
0.000000000000000000e+00 0.000000000000000000e+00 0.000000000000000000e+00 2.339577663450861655e+04 9.999978005938481296e-01
0.000000000000000000e+00 0.000000000000000000e+00 0.000000000000000000e+00 2.349126960036375385e+04 9.999994775105146561e-01
0.000000000000000000e+00 0.000000000000000000e+00 0.000000000000000000e+00 2.358676256621889115e+04 9.999975907143859866e-01
0.000000000000000000e+00 0.000000000000000000e+00 0.000000000000000000e+00 2.368225553207402845e+04 9.999931058163493702e-01
0.000000000000000000e+00 0.000000000000000000e+00 0.000000000000000000e+00 2.377774849792916575e+04 9.999879313348822851e-01
0.000000000000000000e+00 0.000000000000000000e+00 0.000000000000000000e+00 2.387324146378430305e+04 9.999841493072867404e-01
0.000000000000000000e+00 0.000000000000000000e+00 0.000000000000000000e+00 2.396873442963943671e+04 9.999832149060986497e-01
0.000000000000000000e+00 0.000000000000000000e+00 0.000000000000000000e+00 2.406422739549457401e+04 9.999854305096370632e-01
0.000000000000000000e+00 0.000000000000000000e+00 0.000000000000000000e+00 2.415972036134971131e+04 9.999898817398038542e-01
0.000000000000000000e+00 0.000000000000000000e+00 0.000000000000000000e+00 2.425521332720484861e+04 9.999948393033599725e-01
0.000000000000000000e+00 0.000000000000000000e+00 0.000000000000000000e+00 2.435070629305998591e+04 9.999984534770038902e-01
0.000000000000000000e+00 0.000000000000000000e+00 0.000000000000000000e+00 2.444619925891512321e+04 9.999994644424280432e-01
0.000000000000000000e+00 0.000000000000000000e+00 0.000000000000000000e+00 2.454169222477026051e+04 9.999976575292593983e-01
0.000000000000000000e+00 0.000000000000000000e+00 0.000000000000000000e+00 2.463718519062539781e+04 9.999939009462406325e-01
0.000000000000000000e+00 0.000000000000000000e+00 0.000000000000000000e+00 2.473267815648053511e+04 9.999897692721040343e-01
0.000000000000000000e+00 0.000000000000000000e+00 0.000000000000000000e+00 2.482817112233567241e+04 9.999869134566444773e-01
0.000000000000000000e+00 0.000000000000000000e+00 0.000000000000000000e+00 2.492366408819080971e+04 9.999864278119263705e-01
0.000000000000000000e+00 0.000000000000000000e+00 0.000000000000000000e+00 2.501915705404594701e+04 9.999884552075741784e-01
0.000000000000000000e+00 0.000000000000000000e+00 0.000000000000000000e+00 2.511465001990108431e+04 9.999921711134494018e-01
0.000000000000000000e+00 0.000000000000000000e+00 0.000000000000000000e+00 2.521014298575622161e+04 9.999961372379915225e-01
0.000000000000000000e+00 0.000000000000000000e+00 0.000000000000000000e+00 2.530563595161135891e+04 9.999988751942110454e-01
0.000000000000000000e+00 0.000000000000000000e+00 0.000000000000000000e+00 2.540112891746649620e+04 9.999994327765882041e-01
0.000000000000000000e+00 0.000000000000000000e+00 0.000000000000000000e+00 2.549662188332163350e+04 9.999977271889668451e-01
0.000000000000000000e+00 0.000000000000000000e+00 0.000000000000000000e+00 2.559211484917677080e+04 9.999945429968006838e-01
0.000000000000000000e+00 0.000000000000000000e+00 0.000000000000000000e+00 2.568760781503190810e+04 9.999911989694754144e-01
0.000000000000000000e+00 0.000000000000000000e+00 0.000000000000000000e+00 2.578310078088704540e+04 9.999890236999809945e-01
0.000000000000000000e+00 0.000000000000000000e+00 0.000000000000000000e+00 2.587859374674218270e+04 9.999888474363165525e-01
0.000000000000000000e+00 0.000000000000000000e+00 0.000000000000000000e+00 2.597408671259732000e+04 9.999907034540348461e-01
0.000000000000000000e+00 0.000000000000000000e+00 0.000000000000000000e+00 2.606957967845245730e+04 9.999938450712111404e-01
0.000000000000000000e+00 0.000000000000000000e+00 0.000000000000000000e+00 2.616507264430759460e+04 9.999970600495031725e-01
0.000000000000000000e+00 0.000000000000000000e+00 0.000000000000000000e+00 2.626056561016273190e+04 9.999991513536042875e-01
0.000000000000000000e+00 0.000000000000000000e+00 0.000000000000000000e+00 2.635605857601786920e+04 9.999993945567627884e-01
0.000000000000000000e+00 0.000000000000000000e+00 0.000000000000000000e+00 2.645155154187300650e+04 9.999977979835417141e-01
0.000000000000000000e+00 0.000000000000000000e+00 0.000000000000000000e+00 2.654704450772814380e+04 9.999950732871287773e-01
0.000000000000000000e+00 0.000000000000000000e+00 0.000000000000000000e+00 2.664253747358328110e+04 9.999923380835952225e-01
0.000000000000000000e+00 0.000000000000000000e+00 0.000000000000000000e+00 2.673803043943841840e+04 9.999906738583657084e-01
0.000000000000000000e+00 0.000000000000000000e+00 0.000000000000000000e+00 2.683352340529355570e+04 9.999907132705816437e-01
0.000000000000000000e+00 0.000000000000000000e+00 0.000000000000000000e+00 2.692901637114869300e+04 9.999924135954445514e-01
0.000000000000000000e+00 0.000000000000000000e+00 0.000000000000000000e+00 2.702450933700383030e+04 9.999950964383302887e-01
0.000000000000000000e+00 0.000000000000000000e+00 0.000000000000000000e+00 2.712000230285896760e+04 9.999977293371373754e-01
0.000000000000000000e+00 0.000000000000000000e+00 0.000000000000000000e+00 2.721549526871410490e+04 9.999993332680019442e-01
0.000000000000000000e+00 0.000000000000000000e+00 0.000000000000000000e+00 2.731098823456924219e+04 9.999993558857636078e-01
0.000000000000000000e+00 0.000000000000000000e+00 0.000000000000000000e+00 2.740648120042437949e+04 9.999978688374898672e-01
0.000000000000000000e+00 0.000000000000000000e+00 0.000000000000000000e+00 2.750197416627951679e+04 9.999955195307947964e-01
0.000000000000000000e+00 0.000000000000000000e+00 0.000000000000000000e+00 2.759746713213465409e+04 9.999932640033155629e-01
0.000000000000000000e+00 0.000000000000000000e+00 0.000000000000000000e+00 2.769296009798978776e+04 9.999919904069224375e-01
0.000000000000000000e+00 0.000000000000000000e+00 0.000000000000000000e+00 2.778845306384492505e+04 9.999921808469327544e-01
0.000000000000000000e+00 0.000000000000000000e+00 0.000000000000000000e+00 2.788394602970006235e+04 9.999937397800646721e-01
0.000000000000000000e+00 0.000000000000000000e+00 0.000000000000000000e+00 2.797943899555519965e+04 9.999960492623682917e-01
0.000000000000000000e+00 0.000000000000000000e+00 0.000000000000000000e+00 2.807493196141033695e+04 9.999982225857046991e-01
0.000000000000000000e+00 0.000000000000000000e+00 0.000000000000000000e+00 2.817042492726547425e+04 9.999994528276791028e-01
0.000000000000000000e+00 0.000000000000000000e+00 0.000000000000000000e+00 2.826591789312061155e+04 9.999993197923768840e-01
0.000000000000000000e+00 0.000000000000000000e+00 0.000000000000000000e+00 2.836141085897574885e+04 9.999979390562000470e-01
0.000000000000000000e+00 0.000000000000000000e+00 0.000000000000000000e+00 2.845690382483088615e+04 9.999959009537424670e-01
0.000000000000000000e+00 0.000000000000000000e+00 0.000000000000000000e+00 2.855239679068602345e+04 9.999940294340529112e-01
0.000000000000000000e+00 0.000000000000000000e+00 0.000000000000000000e+00 2.864788975654116075e+04 9.999930587920833336e-01
0.000000000000000000e+00 0.000000000000000000e+00 0.000000000000000000e+00 2.874338272239629805e+04 9.999933547052772820e-01
0.000000000000000000e+00 0.000000000000000000e+00 0.000000000000000000e+00 2.883887568825143535e+04 9.999947851391812748e-01
0.000000000000000000e+00 0.000000000000000000e+00 0.000000000000000000e+00 2.893436865410657265e+04 9.999967860466338898e-01
0.000000000000000000e+00 0.000000000000000000e+00 0.000000000000000000e+00 2.902986161996170995e+04 9.999985907951490782e-01
0.000000000000000000e+00 0.000000000000000000e+00 0.000000000000000000e+00 2.912535458581684725e+04 9.999995304531866802e-01
0.000000000000000000e+00 0.000000000000000000e+00 0.000000000000000000e+00 2.922084755167198455e+04 9.999992876755470217e-01
0.000000000000000000e+00 0.000000000000000000e+00 0.000000000000000000e+00 2.931634051752712185e+04 9.999980081868133919e-01
0.000000000000000000e+00 0.000000000000000000e+00 0.000000000000000000e+00 2.941183348338225915e+04 9.999962312900306793e-01
0.000000000000000000e+00 0.000000000000000000e+00 0.000000000000000000e+00 2.950732644923739645e+04 9.999946713588101499e-01
0.000000000000000000e+00 0.000000000000000000e+00 0.000000000000000000e+00 2.960281941509253375e+04 9.999939384833862466e-01
0.000000000000000000e+00 0.000000000000000000e+00 0.000000000000000000e+00 2.969831238094767104e+04 9.999943072078720796e-01
0.000000000000000000e+00 0.000000000000000000e+00 0.000000000000000000e+00 2.979380534680280834e+04 9.999956206998127373e-01
0.000000000000000000e+00 0.000000000000000000e+00 0.000000000000000000e+00 2.988929831265794564e+04 9.999973632455906314e-01
0.000000000000000000e+00 0.000000000000000000e+00 0.000000000000000000e+00 2.998479127851308294e+04 9.999988684712505238e-01
