# Tone frequency (Hz)	Measured Fidelity	Simulated Fidelity	Frequency (Hz)	Analytic Fidelity
0.000000000000000000e+00 1.640133900000000089e-02 0.000000000000000000e+00 1.591549430918953456e-01 9.999117431999302585e-01
2.000000000000000000e+02 9.151626399999999648e-03 0.000000000000000000e+00 9.549296585513720004e+01 9.999178598167481891e-01
4.000000000000000000e+02 1.307614799999999924e-02 0.000000000000000000e+00 1.909859317102744001e+02 9.999333515856638765e-01
6.000000000000000000e+02 6.073852099999999844e-03 0.000000000000000000e+00 2.864788975654116143e+02 9.999509137158644201e-01
8.000000000000000000e+02 7.095309000000000164e-03 0.000000000000000000e+00 3.819718634205488001e+02 9.999620584407926671e-01
1.000000000000000000e+03 1.746517800000000134e-02 0.000000000000000000e+00 4.774648292756860428e+02 9.999609635932481533e-01
1.200000000000000000e+03 7.926662500000000722e-03 0.000000000000000000e+00 5.729577951308232286e+02 9.999472230463672950e-01
1.400000000000000000e+03 8.145551200000000075e-03 0.000000000000000000e+00 6.684507609859604145e+02 9.999262564260094077e-01
1.600000000000000000e+03 3.154225399999999787e-03 0.000000000000000000e+00 7.639437268410976003e+02 9.999071190977022461e-01
1.800000000000000000e+03 6.021199300000000185e-03 0.000000000000000000e+00 8.594366926962348998e+02 9.998985754047131636e-01
2.000000000000000000e+03 6.216417099999999724e-03 0.000000000000000000e+00 9.549296585513720856e+02 9.999050859058976615e-01
2.200000000000000000e+03 1.182037200000000086e-02 0.000000000000000000e+00 1.050422624406509158e+03 9.999244701308285244e-01
2.400000000000000000e+03 1.389466200000000033e-02 0.000000000000000000e+00 1.145915590261646457e+03 9.999483707757533812e-01
2.600000000000000000e+03 1.424838299999999988e-02 0.000000000000000000e+00 1.241408556116783757e+03 9.999654992311692858e-01
2.800000000000000000e+03 5.751843599999999744e-03 0.000000000000000000e+00 1.336901521971920829e+03 9.999664400400625208e-01
3.000000000000000000e+03 7.670205099999999852e-03 0.000000000000000000e+00 1.432394487827058128e+03 9.999480339385738992e-01
3.200000000000000000e+03 9.127187499999999884e-03 0.000000000000000000e+00 1.527887453682195201e+03 9.999153935060159926e-01
3.400000000000000000e+03 1.454249699999999972e-02 0.000000000000000000e+00 1.623380419537332500e+03 9.998804725374945690e-01
3.600000000000000000e+03 1.383517499999999990e-02 0.000000000000000000e+00 1.718873385392469800e+03 9.998575017828204015e-01
3.800000000000000000e+03 1.077063200000000047e-02 0.000000000000000000e+00 1.814366351247606872e+03 9.998569693374006473e-01
4.000000000000000000e+03 5.974487399999999816e-03 0.000000000000000000e+00 1.909859317102744171e+03 9.998805904341980799e-01
4.200000000000000000e+03 1.361324400000000004e-02 0.000000000000000000e+00 2.005352282957881243e+03 9.999195187146106001e-01
4.400000000000000000e+03 9.834492599999999571e-03 0.000000000000000000e+00 2.100845248813018316e+03 9.999569049243811625e-01
4.600000000000000000e+03 1.484922099999999925e-02 0.000000000000000000e+00 2.196338214668155615e+03 9.999741950937846013e-01
4.800000000000000000e+03 9.849434699999999598e-03 0.000000000000000000e+00 2.291831180523292915e+03 9.999589226957854571e-01
5.000000000000000000e+03 7.324910700000000253e-03 0.000000000000000000e+00 2.387324146378430214e+03 9.999108673628914756e-01
5.200000000000000000e+03 1.372558400000000074e-02 0.000000000000000000e+00 2.482817112233567514e+03 9.998437747848240020e-01
5.400000000000000000e+03 2.643452199999999849e-02 0.000000000000000000e+00 2.578310078088704358e+03 9.997813590224156055e-01
5.600000000000000000e+03 6.188323300000000277e-02 0.000000000000000000e+00 2.673803043943841658e+03 9.997485365391046708e-01
5.800000000000000000e+03 9.698505699999999952e-02 0.000000000000000000e+00 2.769296009798978957e+03 9.997609280966073264e-01
6.000000000000000000e+03 1.348590400000000133e-01 0.000000000000000000e+00 2.864788975654116257e+03 9.998167549820982103e-01
6.200000000000000000e+03 1.611371299999999895e-01 0.000000000000000000e+00 2.960281941509253556e+03 9.998948196727222015e-01
6.400000000000000000e+03 1.651197399999999871e-01 0.000000000000000000e+00 3.055774907364390401e+03 9.999603012482187747e-01
6.600000000000000000e+03 1.622728400000000015e-01 0.000000000000000000e+00 3.151267873219527701e+03 9.999771788680988927e-01
6.800000000000000000e+03 1.374622000000000066e-01 0.000000000000000000e+00 3.246760839074665000e+03 9.999232188152371581e-01
7.000000000000000000e+03 9.943456900000000043e-02 0.000000000000000000e+00 3.342253804929802300e+03 9.998017652560148294e-01
7.200000000000000000e+03 6.857771399999999795e-02 0.000000000000000000e+00 3.437746770784939599e+03 9.996449368312898542e-01
7.400000000000000000e+03 5.437112999999999668e-02 0.000000000000000000e+00 3.533239736640076444e+03 9.995054276652262093e-01
7.600000000000000000e+03 3.843438999999999883e-02 0.000000000000000000e+00 3.628732702495213744e+03 9.994382166165335368e-01
7.800000000000000000e+03 2.651451299999999997e-02 0.000000000000000000e+00 3.724225668350351043e+03 9.994776828243593370e-01
8.000000000000000000e+03 1.535740099999999969e-02 0.000000000000000000e+00 3.819718634205488343e+03 9.996183456778522380e-01
8.200000000000000000e+03 1.215468599999999962e-02 0.000000000000000000e+00 3.915211600060625187e+03 9.998075597162964234e-01
8.400000000000000000e+03 1.126844899999999983e-02 0.000000000000000000e+00 4.010704565915762487e+03 9.999556162973548545e-01
8.600000000000000000e+03 1.378251699999999934e-02 0.000000000000000000e+00 4.106197531770900241e+03 9.999632844114170194e-01
8.800000000000000000e+03 7.127281299999999736e-03 0.000000000000000000e+00 4.201690497626036631e+03 9.997601724293265768e-01
9.000000000000000000e+03 9.442519400000000049e-03 0.000000000000000000e+00 4.297183463481173931e+03 9.993415233859451741e-01
9.200000000000000000e+03 1.211296199999999969e-02 0.000000000000000000e+00 4.392676429336311230e+03 9.987886124855998027e-01
9.400000000000000000e+03 7.794116599999999576e-03 0.000000000000000000e+00 4.488169395191448530e+03 9.982604945870157120e-01
9.600000000000000000e+03 9.301036599999999710e-03 0.000000000000000000e+00 4.583662361046585829e+03 9.979522371564077954e-01
9.800000000000000000e+03 1.043696499999999944e-02 0.000000000000000000e+00 4.679155326901723129e+03 9.980246433317581101e-01
0.000000000000000000e+00 0.000000000000000000e+00 0.000000000000000000e+00 4.774648292756860428e+03 9.985196492157291104e-01
0.000000000000000000e+00 0.000000000000000000e+00 0.000000000000000000e+00 4.870141258611997728e+03 9.992818772822837925e-01
0.000000000000000000e+00 0.000000000000000000e+00 0.000000000000000000e+00 4.965634224467135027e+03 9.999096915058687252e-01
0.000000000000000000e+00 0.000000000000000000e+00 0.000000000000000000e+00 5.061127190322272327e+03 9.997583616663971995e-01
0.000000000000000000e+00 0.000000000000000000e+00 0.000000000000000000e+00 5.156620156177408717e+03 9.980119547454253670e-01
0.000000000000000000e+00 0.000000000000000000e+00 0.000000000000000000e+00 5.252113122032546016e+03 9.938262835696984876e-01
0.000000000000000000e+00 0.000000000000000000e+00 0.000000000000000000e+00 5.347606087887683316e+03 9.865217520988818212e-01
0.000000000000000000e+00 0.000000000000000000e+00 0.000000000000000000e+00 5.443099053742820615e+03 9.757785122515467702e-01
0.000000000000000000e+00 0.000000000000000000e+00 0.000000000000000000e+00 5.538592019597957915e+03 9.617713424934728472e-01
0.000000000000000000e+00 0.000000000000000000e+00 0.000000000000000000e+00 5.634084985453095214e+03 9.451925774167999617e-01
0.000000000000000000e+00 0.000000000000000000e+00 0.000000000000000000e+00 5.729577951308232514e+03 9.271496506321479369e-01
0.000000000000000000e+00 0.000000000000000000e+00 0.000000000000000000e+00 5.825070917163369813e+03 9.089715658011254806e-01
0.000000000000000000e+00 0.000000000000000000e+00 0.000000000000000000e+00 5.920563883018507113e+03 8.919893504098362902e-01
0.000000000000000000e+00 0.000000000000000000e+00 0.000000000000000000e+00 6.016056848873643503e+03 8.773537603489807157e-01
0.000000000000000000e+00 0.000000000000000000e+00 0.000000000000000000e+00 6.111549814728780802e+03 8.659253215651032676e-01
0.000000000000000000e+00 0.000000000000000000e+00 0.000000000000000000e+00 6.207042780583918102e+03 8.582374063885698234e-01
0.000000000000000000e+00 0.000000000000000000e+00 0.000000000000000000e+00 6.302535746439055401e+03 8.545104109739118936e-01
0.000000000000000000e+00 0.000000000000000000e+00 0.000000000000000000e+00 6.398028712294192701e+03 8.546901083708988711e-01
0.000000000000000000e+00 0.000000000000000000e+00 0.000000000000000000e+00 6.493521678149330000e+03 8.584911254626904631e-01
0.000000000000000000e+00 0.000000000000000000e+00 0.000000000000000000e+00 6.589014644004467300e+03 8.654386680964554213e-01
0.000000000000000000e+00 0.000000000000000000e+00 0.000000000000000000e+00 6.684507609859604599e+03 8.749111413559296224e-01
0.000000000000000000e+00 0.000000000000000000e+00 0.000000000000000000e+00 6.780000575714741899e+03 8.861897195923660320e-01
0.000000000000000000e+00 0.000000000000000000e+00 0.000000000000000000e+00 6.875493541569879199e+03 8.985180920666531179e-01
0.000000000000000000e+00 0.000000000000000000e+00 0.000000000000000000e+00 6.970986507425015589e+03 9.111690457363941231e-01
0.000000000000000000e+00 0.000000000000000000e+00 0.000000000000000000e+00 7.066479473280152888e+03 9.235082275057477919e-01
0.000000000000000000e+00 0.000000000000000000e+00 0.000000000000000000e+00 7.161972439135290188e+03 9.350429998935572140e-01
0.000000000000000000e+00 0.000000000000000000e+00 0.000000000000000000e+00 7.257465404990427487e+03 9.454471807917803616e-01
0.000000000000000000e+00 0.000000000000000000e+00 0.000000000000000000e+00 7.352958370845564787e+03 9.545591163016871050e-01
0.000000000000000000e+00 0.000000000000000000e+00 0.000000000000000000e+00 7.448451336700702086e+03 9.623576333095186230e-01
0.000000000000000000e+00 0.000000000000000000e+00 0.000000000000000000e+00 7.543944302555839386e+03 9.689249155219754606e-01
0.000000000000000000e+00 0.000000000000000000e+00 0.000000000000000000e+00 7.639437268410976685e+03 9.744060681078677844e-01
0.000000000000000000e+00 0.000000000000000000e+00 0.000000000000000000e+00 7.734930234266113985e+03 9.789728840730271830e-01
0.000000000000000000e+00 0.000000000000000000e+00 0.000000000000000000e+00 7.830423200121250375e+03 9.827958789714457133e-01
0.000000000000000000e+00 0.000000000000000000e+00 0.000000000000000000e+00 7.925916165976387674e+03 9.860256158720537289e-01
0.000000000000000000e+00 0.000000000000000000e+00 0.000000000000000000e+00 8.021409131831524974e+03 9.887824855044522465e-01
0.000000000000000000e+00 0.000000000000000000e+00 0.000000000000000000e+00 8.116902097686662273e+03 9.911534141751973115e-01
0.000000000000000000e+00 0.000000000000000000e+00 0.000000000000000000e+00 8.212395063541800482e+03 9.931939687650725990e-01
0.000000000000000000e+00 0.000000000000000000e+00 0.000000000000000000e+00 8.307888029396935963e+03 9.949344843406048300e-01
0.000000000000000000e+00 0.000000000000000000e+00 0.000000000000000000e+00 8.403380995252073262e+03 9.963888338924606902e-01
0.000000000000000000e+00 0.000000000000000000e+00 0.000000000000000000e+00 8.498873961107210562e+03 9.975642585847147581e-01
0.000000000000000000e+00 0.000000000000000000e+00 0.000000000000000000e+00 8.594366926962347861e+03 9.984704703295439465e-01
0.000000000000000000e+00 0.000000000000000000e+00 0.000000000000000000e+00 8.689859892817485161e+03 9.991262881544891172e-01
0.000000000000000000e+00 0.000000000000000000e+00 0.000000000000000000e+00 8.785352858672622460e+03 9.995625466384717717e-01
0.000000000000000000e+00 0.000000000000000000e+00 0.000000000000000000e+00 8.880845824527759760e+03 9.998208922662167319e-01
0.000000000000000000e+00 0.000000000000000000e+00 0.000000000000000000e+00 8.976338790382897059e+03 9.999491328688421277e-01
0.000000000000000000e+00 0.000000000000000000e+00 0.000000000000000000e+00 9.071831756238034359e+03 9.999946903435827927e-01
0.000000000000000000e+00 0.000000000000000000e+00 0.000000000000000000e+00 9.167324722093171658e+03 9.999981306839952344e-01
0.000000000000000000e+00 0.000000000000000000e+00 0.000000000000000000e+00 9.262817687948308958e+03 9.999885733940203636e-01
0.000000000000000000e+00 0.000000000000000000e+00 0.000000000000000000e+00 9.358310653803446257e+03 9.999820884113401753e-01
0.000000000000000000e+00 0.000000000000000000e+00 0.000000000000000000e+00 9.453803619658583557e+03 9.999832159353720940e-01
0.000000000000000000e+00 0.000000000000000000e+00 0.000000000000000000e+00 9.549296585513720856e+03 9.999888117144363209e-01
0.000000000000000000e+00 0.000000000000000000e+00 0.000000000000000000e+00 9.644789551368858156e+03 9.999928141376005497e-01
0.000000000000000000e+00 0.000000000000000000e+00 0.000000000000000000e+00 9.740282517223995455e+03 9.999904165405872902e-01
0.000000000000000000e+00 0.000000000000000000e+00 0.000000000000000000e+00 9.835775483079132755e+03 9.999805072914319526e-01
0.000000000000000000e+00 0.000000000000000000e+00 0.000000000000000000e+00 9.931268448934270054e+03 9.999659483418219530e-01
0.000000000000000000e+00 0.000000000000000000e+00 0.000000000000000000e+00 1.002676141478940735e+04 9.999520356730607906e-01
0.000000000000000000e+00 0.000000000000000000e+00 0.000000000000000000e+00 1.012225438064454465e+04 9.999440538600981032e-01
0.000000000000000000e+00 0.000000000000000000e+00 0.000000000000000000e+00 1.021774734649968013e+04 9.999450252998689503e-01
0.000000000000000000e+00 0.000000000000000000e+00 0.000000000000000000e+00 1.031324031235481743e+04 9.999545348825330526e-01
0.000000000000000000e+00 0.000000000000000000e+00 0.000000000000000000e+00 1.040873327820995473e+04 9.999690016503683943e-01
0.000000000000000000e+00 0.000000000000000000e+00 0.000000000000000000e+00 1.050422624406509203e+04 9.999831798503271418e-01
0.000000000000000000e+00 0.000000000000000000e+00 0.000000000000000000e+00 1.059971920992022933e+04 9.999922214185348324e-01
0.000000000000000000e+00 0.000000000000000000e+00 0.000000000000000000e+00 1.069521217577536663e+04 9.999934707792745847e-01
0.000000000000000000e+00 0.000000000000000000e+00 0.000000000000000000e+00 1.079070514163050393e+04 9.999873253224620395e-01
0.000000000000000000e+00 0.000000000000000000e+00 0.000000000000000000e+00 1.088619810748564123e+04 9.999768952118534004e-01
0.000000000000000000e+00 0.000000000000000000e+00 0.000000000000000000e+00 1.098169107334077853e+04 9.999666673103060344e-01
0.000000000000000000e+00 0.000000000000000000e+00 0.000000000000000000e+00 1.107718403919591583e+04 9.999607389053976059e-01
0.000000000000000000e+00 0.000000000000000000e+00 0.000000000000000000e+00 1.117267700505105313e+04 9.999613107986053961e-01
0.000000000000000000e+00 0.000000000000000000e+00 0.000000000000000000e+00 1.126816997090619043e+04 9.999679869633418816e-01
0.000000000000000000e+00 0.000000000000000000e+00 0.000000000000000000e+00 1.136366293676132773e+04 9.999780910344745477e-01
0.000000000000000000e+00 0.000000000000000000e+00 0.000000000000000000e+00 1.145915590261646503e+04 9.999878167099700566e-01
0.000000000000000000e+00 0.000000000000000000e+00 0.000000000000000000e+00 1.155464886847160233e+04 9.999937292477290018e-01
0.000000000000000000e+00 0.000000000000000000e+00 0.000000000000000000e+00 1.165014183432673963e+04 9.999940340550264040e-01
0.000000000000000000e+00 0.000000000000000000e+00 0.000000000000000000e+00 1.174563480018187693e+04 9.999891513855375669e-01
0.000000000000000000e+00 0.000000000000000000e+00 0.000000000000000000e+00 1.184112776603701423e+04 9.999814240500076723e-01
0.000000000000000000e+00 0.000000000000000000e+00 0.000000000000000000e+00 1.193662073189215153e+04 9.999741203356518060e-01
0.000000000000000000e+00 0.000000000000000000e+00 0.000000000000000000e+00 1.203211369774728701e+04 9.999701486569605446e-01
0.000000000000000000e+00 0.000000000000000000e+00 0.000000000000000000e+00 1.212760666360242431e+04 9.999709835301191507e-01
0.000000000000000000e+00 0.000000000000000000e+00 0.000000000000000000e+00 1.222309962945756160e+04 9.999761936259314865e-01
0.000000000000000000e+00 0.000000000000000000e+00 0.000000000000000000e+00 1.231859259531269890e+04 9.999837141380893968e-01
0.000000000000000000e+00 0.000000000000000000e+00 0.000000000000000000e+00 1.241408556116783620e+04 9.999907184760675749e-01
0.000000000000000000e+00 0.000000000000000000e+00 0.000000000000000000e+00 1.250957852702297350e+04 9.999947277064151763e-01
0.000000000000000000e+00 0.000000000000000000e+00 0.000000000000000000e+00 1.260507149287811080e+04 9.999945271272223657e-01
0.000000000000000000e+00 0.000000000000000000e+00 0.000000000000000000e+00 1.270056445873324810e+04 9.999905556354222735e-01
0.000000000000000000e+00 0.000000000000000000e+00 0.000000000000000000e+00 1.279605742458838540e+04 9.999846501424050071e-01
0.000000000000000000e+00 0.000000000000000000e+00 0.000000000000000000e+00 1.289155039044352270e+04 9.999792763977474186e-01
0.000000000000000000e+00 0.000000000000000000e+00 0.000000000000000000e+00 1.298704335629866000e+04 9.999765637833053500e-01
0.000000000000000000e+00 0.000000000000000000e+00 0.000000000000000000e+00 1.308253632215379730e+04 9.999775183515513532e-01
0.000000000000000000e+00 0.000000000000000000e+00 0.000000000000000000e+00 1.317802928800893460e+04 9.999817013451586245e-01
0.000000000000000000e+00 0.000000000000000000e+00 0.000000000000000000e+00 1.327352225386407190e+04 9.999874700804778360e-01
0.000000000000000000e+00 0.000000000000000000e+00 0.000000000000000000e+00 1.336901521971920920e+04 9.999926612817822136e-01
0.000000000000000000e+00 0.000000000000000000e+00 0.000000000000000000e+00 1.346450818557434650e+04 9.999954363950607217e-01
0.000000000000000000e+00 0.000000000000000000e+00 0.000000000000000000e+00 1.356000115142948380e+04 9.999949615174895667e-01
0.000000000000000000e+00 0.000000000000000000e+00 0.000000000000000000e+00 1.365549411728462110e+04 9.999916733530386237e-01
0.000000000000000000e+00 0.000000000000000000e+00 0.000000000000000000e+00 1.375098708313975840e+04 9.999870512293351776e-01
0.000000000000000000e+00 0.000000000000000000e+00 0.000000000000000000e+00 1.384648004899489388e+04 9.999830057062195632e-01
0.000000000000000000e+00 0.000000000000000000e+00 0.000000000000000000e+00 1.394197301485003118e+04 9.999811337106184750e-01
0.000000000000000000e+00 0.000000000000000000e+00 0.000000000000000000e+00 1.403746598070516848e+04 9.999821283595182742e-01
0.000000000000000000e+00 0.000000000000000000e+00 0.000000000000000000e+00 1.413295894656030578e+04 9.999855592570650042e-01
0.000000000000000000e+00 0.000000000000000000e+00 0.000000000000000000e+00 1.422845191241544308e+04 9.999900887607948707e-01
0.000000000000000000e+00 0.000000000000000000e+00 0.000000000000000000e+00 1.432394487827058038e+04 9.999940218659679747e-01
0.000000000000000000e+00 0.000000000000000000e+00 0.000000000000000000e+00 1.441943784412571767e+04 9.999959660080536272e-01
0.000000000000000000e+00 0.000000000000000000e+00 0.000000000000000000e+00 1.451493080998085497e+04 9.999953458303435516e-01
0.000000000000000000e+00 0.000000000000000000e+00 0.000000000000000000e+00 1.461042377583599227e+04 9.999925845170785088e-01
0.000000000000000000e+00 0.000000000000000000e+00 0.000000000000000000e+00 1.470591674169112957e+04 9.999888981078097761e-01
0.000000000000000000e+00 0.000000000000000000e+00 0.000000000000000000e+00 1.480140970754626687e+04 9.999857982220723418e-01
0.000000000000000000e+00 0.000000000000000000e+00 0.000000000000000000e+00 1.489690267340140417e+04 9.999845047939419640e-01
0.000000000000000000e+00 0.000000000000000000e+00 0.000000000000000000e+00 1.499239563925654147e+04 9.999854954970449628e-01
0.000000000000000000e+00 0.000000000000000000e+00 0.000000000000000000e+00 1.508788860511167877e+04 9.999883567052976208e-01
0.000000000000000000e+00 0.000000000000000000e+00 0.000000000000000000e+00 1.518338157096681607e+04 9.999919793534974843e-01
0.000000000000000000e+00 0.000000000000000000e+00 0.000000000000000000e+00 1.527887453682195337e+04 9.999950104772914461e-01
0.000000000000000000e+00 0.000000000000000000e+00 0.000000000000000000e+00 1.537436750267709067e+04 9.999963781168530463e-01
0.000000000000000000e+00 0.000000000000000000e+00 0.000000000000000000e+00 1.546986046853222797e+04 9.999956871943465053e-01
0.000000000000000000e+00 0.000000000000000000e+00 0.000000000000000000e+00 1.556535343438736527e+04 9.999933414655435282e-01
0.000000000000000000e+00 0.000000000000000000e+00 0.000000000000000000e+00 1.566084640024250075e+04 9.999903566926910958e-01
0.000000000000000000e+00 0.000000000000000000e+00 0.000000000000000000e+00 1.575633936609763805e+04 9.999879488705147867e-01
0.000000000000000000e+00 0.000000000000000000e+00 0.000000000000000000e+00 1.585183233195277535e+04 9.999870632701306494e-01
0.000000000000000000e+00 0.000000000000000000e+00 0.000000000000000000e+00 1.594732529780791265e+04 9.999880256965527625e-01
0.000000000000000000e+00 0.000000000000000000e+00 0.000000000000000000e+00 1.604281826366304995e+04 9.999904435184902018e-01
0.000000000000000000e+00 0.000000000000000000e+00 0.000000000000000000e+00 1.613831122951818725e+04 9.999933840013668362e-01
0.000000000000000000e+00 0.000000000000000000e+00 0.000000000000000000e+00 1.623380419537332455e+04 9.999957510432386787e-01
0.000000000000000000e+00 0.000000000000000000e+00 0.000000000000000000e+00 1.632929716122846185e+04 9.999967091718089396e-01
0.000000000000000000e+00 0.000000000000000000e+00 0.000000000000000000e+00 1.642479012708360096e+04 9.999959916564258311e-01
0.000000000000000000e+00 0.000000000000000000e+00 0.000000000000000000e+00 1.652028309293873826e+04 9.999939800350643448e-01
0.000000000000000000e+00 0.000000000000000000e+00 0.000000000000000000e+00 1.661577605879387193e+04 9.999915336791860287e-01
0.000000000000000000e+00 0.000000000000000000e+00 0.000000000000000000e+00 1.671126902464900922e+04 9.999896439320811181e-01
0.000000000000000000e+00 0.000000000000000000e+00 0.000000000000000000e+00 1.680676199050414652e+04 9.999890512183360336e-01
0.000000000000000000e+00 0.000000000000000000e+00 0.000000000000000000e+00 1.690225495635928382e+04 9.999899723003935481e-01
0.000000000000000000e+00 0.000000000000000000e+00 0.000000000000000000e+00 1.699774792221442112e+04 9.999920373478969893e-01
0.000000000000000000e+00 0.000000000000000000e+00 0.000000000000000000e+00 1.709324088806955842e+04 9.999944528939536115e-01
0.000000000000000000e+00 0.000000000000000000e+00 0.000000000000000000e+00 1.718873385392469572e+04 9.999963201932333678e-01
0.000000000000000000e+00 0.000000000000000000e+00 0.000000000000000000e+00 1.728422681977983302e+04 9.999969819591372211e-01
0.000000000000000000e+00 0.000000000000000000e+00 0.000000000000000000e+00 1.737971978563497032e+04 9.999962643235164039e-01
0.000000000000000000e+00 0.000000000000000000e+00 0.000000000000000000e+00 1.747521275149010762e+04 9.999945256336693067e-01
0.000000000000000000e+00 0.000000000000000000e+00 0.000000000000000000e+00 1.757070571734524492e+04 9.999925005008207801e-01
0.000000000000000000e+00 0.000000000000000000e+00 0.000000000000000000e+00 1.766619868320038222e+04 9.999910059454664157e-01
0.000000000000000000e+00 0.000000000000000000e+00 0.000000000000000000e+00 1.776169164905551952e+04 9.999906266220850437e-01
0.000000000000000000e+00 0.000000000000000000e+00 0.000000000000000000e+00 1.785718461491065682e+04 9.999914998835588431e-01
0.000000000000000000e+00 0.000000000000000000e+00 0.000000000000000000e+00 1.795267758076579412e+04 9.999932791010459621e-01
0.000000000000000000e+00 0.000000000000000000e+00 0.000000000000000000e+00 1.804817054662093142e+04 9.999952829550425859e-01
0.000000000000000000e+00 0.000000000000000000e+00 0.000000000000000000e+00 1.814366351247606872e+04 9.999967672625048598e-01
0.000000000000000000e+00 0.000000000000000000e+00 0.000000000000000000e+00 1.823915647833120602e+04 9.999972113949346930e-01
0.000000000000000000e+00 0.000000000000000000e+00 0.000000000000000000e+00 1.833464944418634332e+04 9.999965095006558835e-01
0.000000000000000000e+00 0.000000000000000000e+00 0.000000000000000000e+00 1.843014241004148062e+04 9.999949968171115700e-01
0.000000000000000000e+00 0.000000000000000000e+00 0.000000000000000000e+00 1.852563537589661792e+04 9.999933066494857137e-01
0.000000000000000000e+00 0.000000000000000000e+00 0.000000000000000000e+00 1.862112834175175522e+04 9.999921183497506583e-01
0.000000000000000000e+00 0.000000000000000000e+00 0.000000000000000000e+00 1.871662130760689251e+04 9.999918961785430049e-01
0.000000000000000000e+00 0.000000000000000000e+00 0.000000000000000000e+00 1.881211427346202981e+04 9.999927190485324857e-01
0.000000000000000000e+00 0.000000000000000000e+00 0.000000000000000000e+00 1.890760723931716711e+04 9.999942631247580316e-01
0.000000000000000000e+00 0.000000000000000000e+00 0.000000000000000000e+00 1.900310020517230441e+04 9.999959388691948003e-01
0.000000000000000000e+00 0.000000000000000000e+00 0.000000000000000000e+00 1.909859317102744171e+04 9.999971251204364808e-01
0.000000000000000000e+00 0.000000000000000000e+00 0.000000000000000000e+00 1.919408613688257901e+04 9.999974076350590657e-01
0.000000000000000000e+00 0.000000000000000000e+00 0.000000000000000000e+00 1.928957910273771631e+04 9.999967308195576443e-01
0.000000000000000000e+00 0.000000000000000000e+00 0.000000000000000000e+00 1.938507206859285361e+04 9.999954074811576721e-01
0.000000000000000000e+00 0.000000000000000000e+00 0.000000000000000000e+00 1.948056503444799091e+04 9.999939874303328535e-01
0.000000000000000000e+00 0.000000000000000000e+00 0.000000000000000000e+00 1.957605800030312821e+04 9.999930396590928083e-01
0.000000000000000000e+00 0.000000000000000000e+00 0.000000000000000000e+00 1.967155096615826551e+04 9.999929340884714524e-01
0.000000000000000000e+00 0.000000000000000000e+00 0.000000000000000000e+00 1.976704393201340281e+04 9.999937063135724280e-01
0.000000000000000000e+00 0.000000000000000000e+00 0.000000000000000000e+00 1.986253689786854011e+04 9.999950544350113546e-01
0.000000000000000000e+00 0.000000000000000000e+00 0.000000000000000000e+00 1.995802986372367741e+04 9.999964650637374053e-01
0.000000000000000000e+00 0.000000000000000000e+00 0.000000000000000000e+00 2.005352282957881471e+04 9.999974163197851151e-01
0.000000000000000000e+00 0.000000000000000000e+00 0.000000000000000000e+00 2.014901579543395201e+04 9.999975778324516895e-01
0.000000000000000000e+00 0.000000000000000000e+00 0.000000000000000000e+00 2.024450876128908931e+04 9.999969313505381319e-01
0.000000000000000000e+00 0.000000000000000000e+00 0.000000000000000000e+00 2.034000172714422297e+04 9.999957682553493044e-01
0.000000000000000000e+00 0.000000000000000000e+00 0.000000000000000000e+00 2.043549469299936027e+04 9.999945686658902044e-01
0.000000000000000000e+00 0.000000000000000000e+00 0.000000000000000000e+00 2.053098765885449757e+04 9.999938119618521082e-01
0.000000000000000000e+00 0.000000000000000000e+00 0.000000000000000000e+00 2.062648062470963487e+04 9.999937932724858314e-01
0.000000000000000000e+00 0.000000000000000000e+00 0.000000000000000000e+00 2.072197359056477217e+04 9.999945159588166099e-01
0.000000000000000000e+00 0.000000000000000000e+00 0.000000000000000000e+00 2.081746655641990947e+04 9.999956989638424387e-01
0.000000000000000000e+00 0.000000000000000000e+00 0.000000000000000000e+00 2.091295952227504677e+04 9.999968928212294994e-01
0.000000000000000000e+00 0.000000000000000000e+00 0.000000000000000000e+00 2.100845248813018407e+04 9.999976567352630852e-01
0.000000000000000000e+00 0.000000000000000000e+00 0.000000000000000000e+00 2.110394545398532136e+04 9.999977271750306596e-01
0.000000000000000000e+00 0.000000000000000000e+00 0.000000000000000000e+00 2.119943841984045866e+04 9.999971136969079133e-01
0.000000000000000000e+00 0.000000000000000000e+00 0.000000000000000000e+00 2.129493138569559596e+04 9.999960874192921345e-01
0.000000000000000000e+00 0.000000000000000000e+00 0.000000000000000000e+00 2.139042435155073326e+04 9.999950696550270468e-01
0.000000000000000000e+00 0.000000000000000000e+00 0.000000000000000000e+00 2.148591731740587056e+04 9.999944662050987976e-01
0.000000000000000000e+00 0.000000000000000000e+00 0.000000000000000000e+00 2.158141028326100786e+04 9.999945123121611879e-01
0.000000000000000000e+00 0.000000000000000000e+00 0.000000000000000000e+00 2.167690324911614516e+04 9.999951873389607560e-01
0.000000000000000000e+00 0.000000000000000000e+00 0.000000000000000000e+00 2.177239621497128246e+04 9.999962298732434363e-01
0.000000000000000000e+00 0.000000000000000000e+00 0.000000000000000000e+00 2.186788918082641976e+04 9.999972446529157288e-01
0.000000000000000000e+00 0.000000000000000000e+00 0.000000000000000000e+00 2.196338214668155706e+04 9.999978577943081648e-01
0.000000000000000000e+00 0.000000000000000000e+00 0.000000000000000000e+00 2.205887511253669436e+04 9.999978595227408951e-01
0.000000000000000000e+00 0.000000000000000000e+00 0.000000000000000000e+00 2.215436807839183166e+04 9.999972800734129308e-01
0.000000000000000000e+00 0.000000000000000000e+00 0.000000000000000000e+00 2.224986104424696896e+04 9.999963715233435302e-01
0.000000000000000000e+00 0.000000000000000000e+00 0.000000000000000000e+00 2.234535401010210626e+04 9.999955050945049662e-01
0.000000000000000000e+00 0.000000000000000000e+00 0.000000000000000000e+00 2.244084697595724356e+04 9.999950255864008541e-01
0.000000000000000000e+00 0.000000000000000000e+00 0.000000000000000000e+00 2.253633994181238086e+04 9.999951198827939924e-01
0.000000000000000000e+00 0.000000000000000000e+00 0.000000000000000000e+00 2.263183290766751816e+04 9.999957495402711505e-01
0.000000000000000000e+00 0.000000000000000000e+00 0.000000000000000000e+00 2.272732587352265546e+04 9.999966715676362750e-01
0.000000000000000000e+00 0.000000000000000000e+00 0.000000000000000000e+00 2.282281883937779276e+04 9.999975370718341416e-01
0.000000000000000000e+00 0.000000000000000000e+00 0.000000000000000000e+00 2.291831180523293006e+04 9.999980278877416140e-01
0.000000000000000000e+00 0.000000000000000000e+00 0.000000000000000000e+00 2.301380477108806735e+04 9.999979778120975382e-01
0.000000000000000000e+00 0.000000000000000000e+00 0.000000000000000000e+00 2.310929773694320465e+04 9.999974323709848179e-01
0.000000000000000000e+00 0.000000000000000000e+00 0.000000000000000000e+00 2.320479070279834195e+04 9.999966258202821479e-01
0.000000000000000000e+00 0.000000000000000000e+00 0.000000000000000000e+00 2.330028366865347925e+04 9.999958863623171768e-01
0.000000000000000000e+00 0.000000000000000000e+00 0.000000000000000000e+00 2.339577663450861655e+04 9.999955077923876612e-01
0.000000000000000000e+00 0.000000000000000000e+00 0.000000000000000000e+00 2.349126960036375385e+04 9.999956376635754651e-01
0.000000000000000000e+00 0.000000000000000000e+00 0.000000000000000000e+00 2.358676256621889115e+04 9.999962244286049184e-01
0.000000000000000000e+00 0.000000000000000000e+00 0.000000000000000000e+00 2.368225553207402845e+04 9.999970423138940800e-01
0.000000000000000000e+00 0.000000000000000000e+00 0.000000000000000000e+00 2.377774849792916575e+04 9.999977823992942660e-01
0.000000000000000000e+00 0.000000000000000000e+00 0.000000000000000000e+00 2.387324146378430305e+04 9.999981732864833273e-01
0.000000000000000000e+00 0.000000000000000000e+00 0.000000000000000000e+00 2.396873442963943671e+04 9.999980843209872461e-01
0.000000000000000000e+00 0.000000000000000000e+00 0.000000000000000000e+00 2.406422739549457401e+04 9.999975722100413744e-01
0.000000000000000000e+00 0.000000000000000000e+00 0.000000000000000000e+00 2.415972036134971131e+04 9.999968545725348434e-01
0.000000000000000000e+00 0.000000000000000000e+00 0.000000000000000000e+00 2.425521332720484861e+04 9.999962223962683971e-01
0.000000000000000000e+00 0.000000000000000000e+00 0.000000000000000000e+00 2.435070629305998591e+04 9.999959265130740071e-01
0.000000000000000000e+00 0.000000000000000000e+00 0.000000000000000000e+00 2.444619925891512321e+04 9.999960822954160333e-01
0.000000000000000000e+00 0.000000000000000000e+00 0.000000000000000000e+00 2.454169222477026051e+04 9.999966286932162607e-01
0.000000000000000000e+00 0.000000000000000000e+00 0.000000000000000000e+00 2.463718519062539781e+04 9.999973559937066492e-01
0.000000000000000000e+00 0.000000000000000000e+00 0.000000000000000000e+00 2.473267815648053511e+04 9.999979899701616493e-01
0.000000000000000000e+00 0.000000000000000000e+00 0.000000000000000000e+00 2.482817112233567241e+04 9.999982987518994948e-01
0.000000000000000000e+00 0.000000000000000000e+00 0.000000000000000000e+00 2.492366408819080971e+04 9.999981808467803823e-01
0.000000000000000000e+00 0.000000000000000000e+00 0.000000000000000000e+00 2.501915705404594701e+04 9.999977009843457054e-01
0.000000000000000000e+00 0.000000000000000000e+00 0.000000000000000000e+00 2.511465001990108431e+04 9.999970612753139587e-01
0.000000000000000000e+00 0.000000000000000000e+00 0.000000000000000000e+00 2.521014298575622161e+04 9.999965203088064802e-01
0.000000000000000000e+00 0.000000000000000000e+00 0.000000000000000000e+00 2.530563595161135891e+04 9.999962924889631566e-01
0.000000000000000000e+00 0.000000000000000000e+00 0.000000000000000000e+00 2.540112891746649620e+04 9.999964667270317964e-01
0.000000000000000000e+00 0.000000000000000000e+00 0.000000000000000000e+00 2.549662188332163350e+04 9.999969752470687645e-01
0.000000000000000000e+00 0.000000000000000000e+00 0.000000000000000000e+00 2.559211484917677080e+04 9.999976233009919557e-01
0.000000000000000000e+00 0.000000000000000000e+00 0.000000000000000000e+00 2.568760781503190810e+04 9.999981669543900331e-01
0.000000000000000000e+00 0.000000000000000000e+00 0.000000000000000000e+00 2.578310078088704540e+04 9.999984079510906287e-01
0.000000000000000000e+00 0.000000000000000000e+00 0.000000000000000000e+00 2.587859374674218270e+04 9.999982688291118027e-01
0.000000000000000000e+00 0.000000000000000000e+00 0.000000000000000000e+00 2.597408671259732000e+04 9.999978198971315457e-01
0.000000000000000000e+00 0.000000000000000000e+00 0.000000000000000000e+00 2.606957967845245730e+04 9.999972488216017918e-01
0.000000000000000000e+00 0.000000000000000000e+00 0.000000000000000000e+00 2.616507264430759460e+04 9.999967858257896580e-01
0.000000000000000000e+00 0.000000000000000000e+00 0.000000000000000000e+00 2.626056561016273190e+04 9.999966142494254306e-01
0.000000000000000000e+00 0.000000000000000000e+00 0.000000000000000000e+00 2.635605857601786920e+04 9.999968011586420902e-01
0.000000000000000000e+00 0.000000000000000000e+00 0.000000000000000000e+00 2.645155154187300650e+04 9.999972742049898500e-01
0.000000000000000000e+00 0.000000000000000000e+00 0.000000000000000000e+00 2.654704450772814380e+04 9.999978525759739556e-01
0.000000000000000000e+00 0.000000000000000000e+00 0.000000000000000000e+00 2.664253747358328110e+04 9.999983189278380813e-01
0.000000000000000000e+00 0.000000000000000000e+00 0.000000000000000000e+00 2.673803043943841840e+04 9.999985037450412895e-01
0.000000000000000000e+00 0.000000000000000000e+00 0.000000000000000000e+00 2.683352340529355570e+04 9.999983494364206305e-01
0.000000000000000000e+00 0.000000000000000000e+00 0.000000000000000000e+00 2.692901637114869300e+04 9.999979299909159680e-01
0.000000000000000000e+00 0.000000000000000000e+00 0.000000000000000000e+00 2.702450933700383030e+04 9.999974196260860149e-01
0.000000000000000000e+00 0.000000000000000000e+00 0.000000000000000000e+00 2.712000230285896760e+04 9.999970236051540784e-01
0.000000000000000000e+00 0.000000000000000000e+00 0.000000000000000000e+00 2.721549526871410490e+04 9.999968986426394091e-01
0.000000000000000000e+00 0.000000000000000000e+00 0.000000000000000000e+00 2.731098823456924219e+04 9.999970937152775630e-01
0.000000000000000000e+00 0.000000000000000000e+00 0.000000000000000000e+00 2.740648120042437949e+04 9.999975335789528241e-01
0.000000000000000000e+00 0.000000000000000000e+00 0.000000000000000000e+00 2.750197416627951679e+04 9.999980503963404876e-01
0.000000000000000000e+00 0.000000000000000000e+00 0.000000000000000000e+00 2.759746713213465409e+04 9.999984502758250127e-01
0.000000000000000000e+00 0.000000000000000000e+00 0.000000000000000000e+00 2.769296009798978776e+04 9.999985883921300722e-01
0.000000000000000000e+00 0.000000000000000000e+00 0.000000000000000000e+00 2.778845306384492505e+04 9.999984236281880268e-01
0.000000000000000000e+00 0.000000000000000000e+00 0.000000000000000000e+00 2.788394602970006235e+04 9.999980321721659848e-01
0.000000000000000000e+00 0.000000000000000000e+00 0.000000000000000000e+00 2.797943899555519965e+04 9.999975757195835868e-01
0.000000000000000000e+00 0.000000000000000000e+00 0.000000000000000000e+00 2.807493196141033695e+04 9.999972374720424995e-01
0.000000000000000000e+00 0.000000000000000000e+00 0.000000000000000000e+00 2.817042492726547425e+04 9.999971512220529046e-01
0.000000000000000000e+00 0.000000000000000000e+00 0.000000000000000000e+00 2.826591789312061155e+04 9.999973509348666356e-01
0.000000000000000000e+00 0.000000000000000000e+00 0.000000000000000000e+00 2.836141085897574885e+04 9.999977597801625873e-01
0.000000000000000000e+00 0.000000000000000000e+00 0.000000000000000000e+00 2.845690382483088615e+04 9.999982220028749147e-01
0.000000000000000000e+00 0.000000000000000000e+00 0.000000000000000000e+00 2.855239679068602345e+04 9.999985644829678666e-01
0.000000000000000000e+00 0.000000000000000000e+00 0.000000000000000000e+00 2.864788975654116075e+04 9.999986636942002072e-01
0.000000000000000000e+00 0.000000000000000000e+00 0.000000000000000000e+00 2.874338272239629805e+04 9.999984922005248356e-01
0.000000000000000000e+00 0.000000000000000000e+00 0.000000000000000000e+00 2.883887568825143535e+04 9.999981272317661762e-01
0.000000000000000000e+00 0.000000000000000000e+00 0.000000000000000000e+00 2.893436865410657265e+04 9.999977188218949209e-01
0.000000000000000000e+00 0.000000000000000000e+00 0.000000000000000000e+00 2.902986161996170995e+04 9.999974305947947339e-01
0.000000000000000000e+00 0.000000000000000000e+00 0.000000000000000000e+00 2.912535458581684725e+04 9.999973765323210140e-01
0.000000000000000000e+00 0.000000000000000000e+00 0.000000000000000000e+00 2.922084755167198455e+04 9.999975781272048003e-01
0.000000000000000000e+00 0.000000000000000000e+00 0.000000000000000000e+00 2.931634051752712185e+04 9.999979579868840673e-01
0.000000000000000000e+00 0.000000000000000000e+00 0.000000000000000000e+00 2.941183348338225915e+04 9.999983716103374443e-01
0.000000000000000000e+00 0.000000000000000000e+00 0.000000000000000000e+00 2.950732644923739645e+04 9.999986643443607992e-01
0.000000000000000000e+00 0.000000000000000000e+00 0.000000000000000000e+00 2.960281941509253375e+04 9.999987311029623349e-01
0.000000000000000000e+00 0.000000000000000000e+00 0.000000000000000000e+00 2.969831238094767104e+04 9.999985558201256453e-01
0.000000000000000000e+00 0.000000000000000000e+00 0.000000000000000000e+00 2.979380534680280834e+04 9.999982158620575046e-01
0.000000000000000000e+00 0.000000000000000000e+00 0.000000000000000000e+00 2.988929831265794564e+04 9.999978503986620693e-01
0.000000000000000000e+00 0.000000000000000000e+00 0.000000000000000000e+00 2.998479127851308294e+04 9.999976056184007867e-01
