0.000000000000000000e+00 8.501533876842821968e-02 1.306629677421284556e-03
2.000000000000000000e+02 1.074628296891601414e-01 1.486658446768565362e-03
4.000000000000000000e+02 1.570945894365044226e-01 2.162565504499699368e-03
6.000000000000000000e+02 2.055308118425574759e-01 2.434060715759561472e-03
8.000000000000000000e+02 2.363876664962981933e-01 2.420169040651530979e-03
1.000000000000000000e+03 2.449598164865405825e-01 2.321408429631926888e-03
1.200000000000000000e+03 2.309053236586244839e-01 2.093490156228546093e-03
1.400000000000000000e+03 1.909057265349425603e-01 2.068433403951024704e-03
1.600000000000000000e+03 1.501878123918596597e-01 1.766853344618639051e-03
1.800000000000000000e+03 1.213648462858265137e-01 7.042803658093954155e-04
2.000000000000000000e+03 1.297972234035666694e-01 2.037186336154821718e-03
2.200000000000000000e+03 1.214402101205645235e-01 1.542451963281410172e-03
2.400000000000000000e+03 8.815551897298340434e-02 1.184160000887807479e-03
2.600000000000000000e+03 1.000883788609650271e-01 1.412565272017304689e-03
2.800000000000000000e+03 1.159471756608269899e-01 1.214426525901626721e-03
