0.000000000000000000e+00 9.215561578430195855e-01 7.029397076080125435e-03
2.000000000000000000e+02 9.009698227252684877e-01 6.446545514620057211e-03
4.000000000000000000e+02 8.601821424018627482e-01 6.330498381198738748e-03
6.000000000000000000e+02 8.167679893417449932e-01 6.004307431024402328e-03
8.000000000000000000e+02 8.055403302570034452e-01 6.499212201419561456e-03
1.000000000000000000e+03 7.732712165411070870e-01 6.235289517266741355e-03
1.200000000000000000e+03 8.082264897431261641e-01 5.652647628926351329e-03
1.400000000000000000e+03 8.345723340298973891e-01 6.141617489634589207e-03
1.600000000000000000e+03 8.621803118355367834e-01 5.987692556259635764e-03
1.800000000000000000e+03 9.158621109931921467e-01 6.853039007859225429e-03
2.000000000000000000e+03 9.027107044201002628e-01 6.274856043161114103e-03
2.200000000000000000e+03 8.925482294570693531e-01 6.863416773076618134e-03
2.400000000000000000e+03 9.365825835829448831e-01 6.315450413053823146e-03
2.600000000000000000e+03 9.238791015244650628e-01 7.082827451733391885e-03
2.800000000000000000e+03 9.449517724791739459e-01 6.732051043050406303e-03
