0.000000000000000000e+00 8.873704564746581758e-01 6.754773143421615236e-03
2.000000000000000000e+02 8.804873610805342699e-01 6.337159348101925951e-03
4.000000000000000000e+02 8.629565992985291922e-01 6.520026635089423706e-03
6.000000000000000000e+02 8.864801471402048438e-01 6.789131103805377820e-03
8.000000000000000000e+02 8.859638508485027097e-01 6.141906556765550258e-03
1.000000000000000000e+03 8.825661293214984715e-01 5.906968059069666981e-03
1.200000000000000000e+03 8.852151911062000611e-01 5.850352138790097974e-03
1.400000000000000000e+03 8.772245078513657424e-01 6.233616175849880647e-03
1.600000000000000000e+03 8.722402440630550036e-01 5.716996674960746379e-03
1.800000000000000000e+03 8.796630979828922170e-01 6.036207901358648341e-03
2.000000000000000000e+03 8.685931326635950578e-01 5.959687615362448468e-03
2.200000000000000000e+03 8.422614946922839518e-01 5.957410543333865535e-03
2.400000000000000000e+03 8.787414022162476357e-01 5.986417321199219085e-03
2.600000000000000000e+03 8.739487733754124354e-01 6.142556839956710493e-03
2.800000000000000000e+03 8.763358505924359054e-01 6.301009434834109468e-03
