# Tone frequency (Hz)	Measured Fidelity	Simulated Fidelity	Frequency (Hz)	Analytic Fidelity
0.000000000000000000e+00 9.873058799999999691e-01 9.999993184585530548e-01 1.591549430918953456e-01 9.999999828401475721e-01
1.500000000000000000e+02 9.933736899999999759e-01 9.859858206629095179e-01 1.591549430918953334e+01 9.998285849609325204e-01
3.000000000000000000e+02 9.598300499999999902e-01 9.570874567319498372e-01 3.183098861837906668e+01 9.993165366882408307e-01
4.500000000000000000e+02 9.390659900000000171e-01 9.397279589372040665e-01 4.774648292756860002e+01 9.984704069814380745e-01
6.000000000000000000e+02 9.514673399999999948e-01 9.502196588877511729e-01 6.366197723675813336e+01 9.973009875810646685e-01
7.500000000000000000e+02 9.823239999999999750e-01 9.808231158690411400e-01 7.957747154594767380e+01 9.958231223819213884e-01
9.000000000000000000e+02 9.912339399999999801e-01 9.999984262085928055e-01 9.549296585513720004e+01 9.940554525322344848e-01
1.050000000000000000e+03 9.638696900000000012e-01 9.725470669216947917e-01 1.114084601643267405e+02 9.920201019618732907e-01
1.200000000000000000e+03 8.919473300000000382e-01 8.926243625104742785e-01 1.273239544735162667e+02 9.897423124173245768e-01
1.350000000000000000e+03 7.915813900000000514e-01 7.925712453784823364e-01 1.432394487827058072e+02 9.872500382050530821e-01
1.500000000000000000e+03 7.140348600000000490e-01 7.141466417930510957e-01 1.591549430918953476e+02 9.845735115220834999e-01
1.650000000000000000e+03 6.776840699999999718e-01 6.812766915264415468e-01 1.750704374010848881e+02 9.817447894729793845e-01
1.800000000000000000e+03 6.915398200000000273e-01 6.984999443038411027e-01 1.909859317102744001e+02 9.787972936508134714e-01
1.950000000000000000e+03 7.597733700000000034e-01 7.579059442046232054e-01 2.069014260194639405e+02 9.757653525336867917e-01
2.100000000000000000e+03 8.384800599999999715e-01 8.402325304529847383e-01 2.228169203286534810e+02 9.726837559739351935e-01
2.250000000000000000e+03 9.165645199999999937e-01 9.184703528899932357e-01 2.387324146378430214e+02 9.695873298041692845e-01
2.400000000000000000e+03 9.752218099999999668e-01 9.713554010400301530e-01 2.546479089470325334e+02 9.665105371308462257e-01
2.550000000000000000e+03 9.817112700000000247e-01 9.950615691077364655e-01 2.705634032562221023e+02 9.634871113133193221e-01
2.700000000000000000e+03 9.912890199999999652e-01 9.999984217222065430e-01 2.864788975654116143e+02 9.605497240133920034e-01
2.850000000000000000e+03 9.874199599999999855e-01 9.987192656576777683e-01 3.023943918746011263e+02 9.577296901203526946e-01
3.000000000000000000e+03 9.895431399999999877e-01 9.979986982939419438e-01 3.183098861837906952e+02 9.550567098728817150e-01
3.150000000000000000e+03 9.852766400000000369e-01 9.987434176198914937e-01 3.342253804929802072e+02 9.525586471642444319e-01
3.300000000000000000e+03 9.872270199999999551e-01 9.996379262541428279e-01 3.501408748021697761e+02 9.502613418703610426e-01
3.450000000000000000e+03 9.928574000000000011e-01 9.999725260183411901e-01 3.660563691113592881e+02 9.481884531086177681e-01
3.600000000000000000e+03 9.890090799999999849e-01 9.999993185536638629e-01 3.819718634205488001e+02 9.463613296337469727e-01
3.750000000000000000e+03 9.882824399999999843e-01 9.999769170433496779e-01 3.978873577297383690e+02 9.447989031103793955e-01
3.900000000000000000e+03 9.867824899999999566e-01 9.997392353649987573e-01 4.138028520389278810e+02 9.435175997659202007e-01
4.050000000000000000e+03 9.859749700000000061e-01 9.992248455506775873e-01 4.297183463481174499e+02 9.425312659114287728e-01
4.200000000000000000e+03 9.914047099999999668e-01 9.989376233985515219e-01 4.456338406573069619e+02 9.418511030066130107e-01
4.350000000000000000e+03 9.917802799999999586e-01 9.993979880598370391e-01 4.615493349664964740e+02 9.414856083191983638e-01
4.500000000000000000e+03 9.936200400000000377e-01 9.999984284813618896e-01 4.774648292756860428e+02 9.414405177684596060e-01
4.650000000000000000e+03 9.942029100000000508e-01 9.986481802182625156e-01 4.933803235848755548e+02 9.417187482265545473e-01
4.800000000000000000e+03 9.812926100000000096e-01 9.930783513176282273e-01 5.092958178940650669e+02 9.423203373583144415e-01
4.950000000000000000e+03 9.711585600000000040e-01 9.830221196132477024e-01 5.252113122032545789e+02 9.432423799891433980e-01
5.100000000000000000e+03 9.642184400000000100e-01 9.712991212361326010e-01 5.411268065124442046e+02 9.444789609801786945e-01
5.250000000000000000e+03 9.519156800000000418e-01 9.625623289714415609e-01 5.570423008216337166e+02 9.460210856374640098e-01
5.400000000000000000e+03 9.586149499999999657e-01 9.605837377357570039e-01 5.729577951308232286e+02 9.478566097634164578e-01
5.550000000000000000e+03 9.593749599999999988e-01 9.660820849050940629e-01 5.888732894400127407e+02 9.499701725473953529e-01
5.700000000000000000e+03 9.720138299999999676e-01 9.764321027839473199e-01 6.047887837492022527e+02 9.523431365570407259e-01
5.850000000000000000e+03 9.815607100000000029e-01 9.873304878148477792e-01 6.207042780583918784e+02 9.549535400981234989e-01
6.000000000000000000e+03 9.875445400000000262e-01 9.952560039376067147e-01 6.366197723675813904e+02 9.577760681177664992e-01
6.150000000000000000e+03 9.921822500000000433e-01 9.991080405932322162e-01 6.525352666767709024e+02 9.607820485890071760e-01
6.300000000000000000e+03 9.923067700000000047e-01 9.999984158161829839e-01 6.684507609859604145e+02 9.639394818844075896e-01
6.450000000000000000e+03 9.924040400000000428e-01 9.997608248276641518e-01 6.843662552951499265e+02 9.672131109704991125e-01
6.600000000000000000e+03 9.882578800000000330e-01 9.995940278287245295e-01 7.002817496043395522e+02 9.705645402804079502e-01
6.750000000000000000e+03 9.902247199999999472e-01 9.997285576708389021e-01 7.161972439135290642e+02 9.739524107986110568e-01
6.900000000000000000e+03 9.856668100000000043e-01 9.999169984812239509e-01 7.321127382227185763e+02 9.773326381753424386e-01
0.000000000000000000e+00 0.000000000000000000e+00 0.000000000000000000e+00 7.480282325319080883e+02 9.806587195455256367e-01
0.000000000000000000e+00 0.000000000000000000e+00 0.000000000000000000e+00 7.639437268410976003e+02 9.838821131408501675e-01
0.000000000000000000e+00 0.000000000000000000e+00 0.000000000000000000e+00 7.798592211502872260e+02 9.869526927569964858e-01
0.000000000000000000e+00 0.000000000000000000e+00 0.000000000000000000e+00 7.957747154594767380e+02 9.898192766994339253e-01
0.000000000000000000e+00 0.000000000000000000e+00 0.000000000000000000e+00 8.116902097686662501e+02 9.924302280375565388e-01
0.000000000000000000e+00 0.000000000000000000e+00 0.000000000000000000e+00 8.276057040778557621e+02 9.947341199354478025e-01
0.000000000000000000e+00 0.000000000000000000e+00 0.000000000000000000e+00 8.435211983870452741e+02 9.966804566156721723e-01
0.000000000000000000e+00 0.000000000000000000e+00 0.000000000000000000e+00 8.594366926962348998e+02 9.982204372948849658e-01
0.000000000000000000e+00 0.000000000000000000e+00 0.000000000000000000e+00 8.753521870054244118e+02 9.993077473732966398e-01
0.000000000000000000e+00 0.000000000000000000e+00 0.000000000000000000e+00 8.912676813146139239e+02 9.998993584440885041e-01
0.000000000000000000e+00 0.000000000000000000e+00 0.000000000000000000e+00 9.071831756238034359e+02 9.999563164964553330e-01
0.000000000000000000e+00 0.000000000000000000e+00 0.000000000000000000e+00 9.230986699329929479e+02 9.994444961896638002e-01
0.000000000000000000e+00 0.000000000000000000e+00 0.000000000000000000e+00 9.390141642421825736e+02 9.983352984243349937e-01
0.000000000000000000e+00 0.000000000000000000e+00 0.000000000000000000e+00 9.549296585513720856e+02 9.966062687428755007e-01
0.000000000000000000e+00 0.000000000000000000e+00 0.000000000000000000e+00 9.708451528605615977e+02 9.942416154162774244e-01
0.000000000000000000e+00 0.000000000000000000e+00 0.000000000000000000e+00 9.867606471697511097e+02 9.912326084237336188e-01
0.000000000000000000e+00 0.000000000000000000e+00 0.000000000000000000e+00 1.002676141478940622e+03 9.875778438455423691e-01
0.000000000000000000e+00 0.000000000000000000e+00 0.000000000000000000e+00 1.018591635788130134e+03 9.832833623455821126e-01
0.000000000000000000e+00 0.000000000000000000e+00 0.000000000000000000e+00 1.034507130097319759e+03 9.783626152352673522e-01
0.000000000000000000e+00 0.000000000000000000e+00 0.000000000000000000e+00 1.050422624406509158e+03 9.728362768555365303e-01
0.000000000000000000e+00 0.000000000000000000e+00 0.000000000000000000e+00 1.066338118715698783e+03 9.667319074220255271e-01
0.000000000000000000e+00 0.000000000000000000e+00 0.000000000000000000e+00 1.082253613024888409e+03 9.600834757699210353e-01
0.000000000000000000e+00 0.000000000000000000e+00 0.000000000000000000e+00 1.098169107334077808e+03 9.529307563314040053e-01
0.000000000000000000e+00 0.000000000000000000e+00 0.000000000000000000e+00 1.114084601643267433e+03 9.453186189259046301e-01
0.000000000000000000e+00 0.000000000000000000e+00 0.000000000000000000e+00 1.130000095952456832e+03 9.372962333287937486e-01
0.000000000000000000e+00 0.000000000000000000e+00 0.000000000000000000e+00 1.145915590261646457e+03 9.289162129508213850e-01
0.000000000000000000e+00 0.000000000000000000e+00 0.000000000000000000e+00 1.161831084570836083e+03 9.202337232173936066e-01
0.000000000000000000e+00 0.000000000000000000e+00 0.000000000000000000e+00 1.177746578880025481e+03 9.113055803624361406e-01
0.000000000000000000e+00 0.000000000000000000e+00 0.000000000000000000e+00 1.193662073189215107e+03 9.021893653931862822e-01
0.000000000000000000e+00 0.000000000000000000e+00 0.000000000000000000e+00 1.209577567498404505e+03 8.929425760484706043e-01
0.000000000000000000e+00 0.000000000000000000e+00 0.000000000000000000e+00 1.225493061807594131e+03 8.836218368227115594e-01
0.000000000000000000e+00 0.000000000000000000e+00 0.000000000000000000e+00 1.241408556116783757e+03 8.742821837559192621e-01
0.000000000000000000e+00 0.000000000000000000e+00 0.000000000000000000e+00 1.257324050425973155e+03 8.649764369109164130e-01
0.000000000000000000e+00 0.000000000000000000e+00 0.000000000000000000e+00 1.273239544735162781e+03 8.557546694915869612e-01
0.000000000000000000e+00 0.000000000000000000e+00 0.000000000000000000e+00 1.289155039044352179e+03 8.466637786075925654e-01
0.000000000000000000e+00 0.000000000000000000e+00 0.000000000000000000e+00 1.305070533353541805e+03 8.377471589460607770e-01
0.000000000000000000e+00 0.000000000000000000e+00 0.000000000000000000e+00 1.320986027662731431e+03 8.290444772210253666e-01
0.000000000000000000e+00 0.000000000000000000e+00 0.000000000000000000e+00 1.336901521971920829e+03 8.205915423505649731e-01
0.000000000000000000e+00 0.000000000000000000e+00 0.000000000000000000e+00 1.352817016281110455e+03 8.124202639330988518e-01
0.000000000000000000e+00 0.000000000000000000e+00 0.000000000000000000e+00 1.368732510590299853e+03 8.045586897924131842e-01
0.000000000000000000e+00 0.000000000000000000e+00 0.000000000000000000e+00 1.384648004899489479e+03 7.970311121345048377e-01
0.000000000000000000e+00 0.000000000000000000e+00 0.000000000000000000e+00 1.400563499208679104e+03 7.898582311770484532e-01
0.000000000000000000e+00 0.000000000000000000e+00 0.000000000000000000e+00 1.416478993517868503e+03 7.830573649199392694e-01
0.000000000000000000e+00 0.000000000000000000e+00 0.000000000000000000e+00 1.432394487827058128e+03 7.766426939524726514e-01
0.000000000000000000e+00 0.000000000000000000e+00 0.000000000000000000e+00 1.448309982136247527e+03 7.706255307598399718e-01
0.000000000000000000e+00 0.000000000000000000e+00 0.000000000000000000e+00 1.464225476445437153e+03 7.650146038163465612e-01
0.000000000000000000e+00 0.000000000000000000e+00 0.000000000000000000e+00 1.480140970754626778e+03 7.598163477551653777e-01
0.000000000000000000e+00 0.000000000000000000e+00 0.000000000000000000e+00 1.496056465063816177e+03 7.550351920109905635e-01
0.000000000000000000e+00 0.000000000000000000e+00 0.000000000000000000e+00 1.511971959373005802e+03 7.506738414784950297e-01
0.000000000000000000e+00 0.000000000000000000e+00 0.000000000000000000e+00 1.527887453682195201e+03 7.467335438627394906e-01
0.000000000000000000e+00 0.000000000000000000e+00 0.000000000000000000e+00 1.543802947991384826e+03 7.432143394760922783e-01
0.000000000000000000e+00 0.000000000000000000e+00 0.000000000000000000e+00 1.559718442300574452e+03 7.401152902296159741e-01
0.000000000000000000e+00 0.000000000000000000e+00 0.000000000000000000e+00 1.575633936609763850e+03 7.374346854558213593e-01
0.000000000000000000e+00 0.000000000000000000e+00 0.000000000000000000e+00 1.591549430918953476e+03 7.351702229741408079e-01
0.000000000000000000e+00 0.000000000000000000e+00 0.000000000000000000e+00 1.607464925228142874e+03 7.333191644683938470e-01
0.000000000000000000e+00 0.000000000000000000e+00 0.000000000000000000e+00 1.623380419537332500e+03 7.318784647912721653e-01
0.000000000000000000e+00 0.000000000000000000e+00 0.000000000000000000e+00 1.639295913846522126e+03 7.308448752537313187e-01
0.000000000000000000e+00 0.000000000000000000e+00 0.000000000000000000e+00 1.655211408155711524e+03 7.302150213098393960e-01
0.000000000000000000e+00 0.000000000000000000e+00 0.000000000000000000e+00 1.671126902464901150e+03 7.299854553249767175e-01
0.000000000000000000e+00 0.000000000000000000e+00 0.000000000000000000e+00 1.687042396774090548e+03 7.301526853332349631e-01
0.000000000000000000e+00 0.000000000000000000e+00 0.000000000000000000e+00 1.702957891083280174e+03 7.307131808644746762e-01
0.000000000000000000e+00 0.000000000000000000e+00 0.000000000000000000e+00 1.718873385392469800e+03 7.316633570681808640e-01
0.000000000000000000e+00 0.000000000000000000e+00 0.000000000000000000e+00 1.734788879701659198e+03 7.329995384941171421e-01
0.000000000000000000e+00 0.000000000000000000e+00 0.000000000000000000e+00 1.750704374010848824e+03 7.347179040211841983e-01
0.000000000000000000e+00 0.000000000000000000e+00 0.000000000000000000e+00 1.766619868320038222e+03 7.368144145659589750e-01
0.000000000000000000e+00 0.000000000000000000e+00 0.000000000000000000e+00 1.782535362629227848e+03 7.392847253587702117e-01
0.000000000000000000e+00 0.000000000000000000e+00 0.000000000000000000e+00 1.798450856938417473e+03 7.421240847526381357e-01
0.000000000000000000e+00 0.000000000000000000e+00 0.000000000000000000e+00 1.814366351247606872e+03 7.453272217308157810e-01
0.000000000000000000e+00 0.000000000000000000e+00 0.000000000000000000e+00 1.830281845556796497e+03 7.488882245006331928e-01
0.000000000000000000e+00 0.000000000000000000e+00 0.000000000000000000e+00 1.846197339865985896e+03 7.528004128003626949e-01
0.000000000000000000e+00 0.000000000000000000e+00 0.000000000000000000e+00 1.862112834175175522e+03 7.570562067941335460e-01
0.000000000000000000e+00 0.000000000000000000e+00 0.000000000000000000e+00 1.878028328484365147e+03 7.616469956767982774e-01
0.000000000000000000e+00 0.000000000000000000e+00 0.000000000000000000e+00 1.893943822793554546e+03 7.665630093426343272e-01
0.000000000000000000e+00 0.000000000000000000e+00 0.000000000000000000e+00 1.909859317102744171e+03 7.717931966731030879e-01
0.000000000000000000e+00 0.000000000000000000e+00 0.000000000000000000e+00 1.925774811411933570e+03 7.773251141522452556e-01
0.000000000000000000e+00 0.000000000000000000e+00 0.000000000000000000e+00 1.941690305721123195e+03 7.831448286054863983e-01
0.000000000000000000e+00 0.000000000000000000e+00 0.000000000000000000e+00 1.957605800030312594e+03 7.892368378606691159e-01
0.000000000000000000e+00 0.000000000000000000e+00 0.000000000000000000e+00 1.973521294339502219e+03 7.955840130323108550e-01
0.000000000000000000e+00 0.000000000000000000e+00 0.000000000000000000e+00 1.989436788648691845e+03 8.021675659172058381e-01
0.000000000000000000e+00 0.000000000000000000e+00 0.000000000000000000e+00 2.005352282957881243e+03 8.089670446510965895e-01
0.000000000000000000e+00 0.000000000000000000e+00 0.000000000000000000e+00 2.021267777267070869e+03 8.159603603066826194e-01
0.000000000000000000e+00 0.000000000000000000e+00 0.000000000000000000e+00 2.037183271576260267e+03 8.231238465131249793e-01
0.000000000000000000e+00 0.000000000000000000e+00 0.000000000000000000e+00 2.053098765885450121e+03 8.304323534535901219e-01
0.000000000000000000e+00 0.000000000000000000e+00 0.000000000000000000e+00 2.069014260194639519e+03 8.378593767645363677e-01
0.000000000000000000e+00 0.000000000000000000e+00 0.000000000000000000e+00 2.084929754503828917e+03 8.453772209398888737e-01
0.000000000000000000e+00 0.000000000000000000e+00 0.000000000000000000e+00 2.100845248813018316e+03 8.529571958631918527e-01
0.000000000000000000e+00 0.000000000000000000e+00 0.000000000000000000e+00 2.116760743122208169e+03 8.605698440852688202e-01
0.000000000000000000e+00 0.000000000000000000e+00 0.000000000000000000e+00 2.132676237431397567e+03 8.681851954722394904e-01
0.000000000000000000e+00 0.000000000000000000e+00 0.000000000000000000e+00 2.148591731740586965e+03 8.757730449098035663e-01
0.000000000000000000e+00 0.000000000000000000e+00 0.000000000000000000e+00 2.164507226049776818e+03 8.833032479057363329e-01
0.000000000000000000e+00 0.000000000000000000e+00 0.000000000000000000e+00 2.180422720358966217e+03 8.907460282227923631e-01
0.000000000000000000e+00 0.000000000000000000e+00 0.000000000000000000e+00 2.196338214668155615e+03 8.980722911335526915e-01
0.000000000000000000e+00 0.000000000000000000e+00 0.000000000000000000e+00 2.212253708977345468e+03 9.052539355455161418e-01
0.000000000000000000e+00 0.000000000000000000e+00 0.000000000000000000e+00 2.228169203286534866e+03 9.122641581188074555e-01
0.000000000000000000e+00 0.000000000000000000e+00 0.000000000000000000e+00 2.244084697595724265e+03 9.190777426003242656e-01
0.000000000000000000e+00 0.000000000000000000e+00 0.000000000000000000e+00 2.260000191904913663e+03 9.256713279264010552e-01
0.000000000000000000e+00 0.000000000000000000e+00 0.000000000000000000e+00 2.275915686214103516e+03 9.320236491898037379e-01
0.000000000000000000e+00 0.000000000000000000e+00 0.000000000000000000e+00 2.291831180523292915e+03 9.381157463045673994e-01
0.000000000000000000e+00 0.000000000000000000e+00 0.000000000000000000e+00 2.307746674832482313e+03 9.439311361033290160e-01
0.000000000000000000e+00 0.000000000000000000e+00 0.000000000000000000e+00 2.323662169141672166e+03 9.494559446286539028e-01
0.000000000000000000e+00 0.000000000000000000e+00 0.000000000000000000e+00 2.339577663450861564e+03 9.546789974896152664e-01
0.000000000000000000e+00 0.000000000000000000e+00 0.000000000000000000e+00 2.355493157760050963e+03 9.595918673021933687e-01
0.000000000000000000e+00 0.000000000000000000e+00 0.000000000000000000e+00 2.371408652069240816e+03 9.641888783714458455e-01
0.000000000000000000e+00 0.000000000000000000e+00 0.000000000000000000e+00 2.387324146378430214e+03 9.684670698617569018e-01
0.000000000000000000e+00 0.000000000000000000e+00 0.000000000000000000e+00 2.403239640687619612e+03 9.724261197001560220e-01
0.000000000000000000e+00 0.000000000000000000e+00 0.000000000000000000e+00 2.419155134996809011e+03 9.760682323343354838e-01
0.000000000000000000e+00 0.000000000000000000e+00 0.000000000000000000e+00 2.435070629305998864e+03 9.793979941966759473e-01
0.000000000000000000e+00 0.000000000000000000e+00 0.000000000000000000e+00 2.450986123615188262e+03 9.824222012916805635e-01
0.000000000000000000e+00 0.000000000000000000e+00 0.000000000000000000e+00 2.466901617924377661e+03 9.851496637184273819e-01
0.000000000000000000e+00 0.000000000000000000e+00 0.000000000000000000e+00 2.482817112233567514e+03 9.875909921618430953e-01
0.000000000000000000e+00 0.000000000000000000e+00 0.000000000000000000e+00 2.498732606542756912e+03 9.897583714438972224e-01
0.000000000000000000e+00 0.000000000000000000e+00 0.000000000000000000e+00 2.514648100851946310e+03 9.916653261316455970e-01
0.000000000000000000e+00 0.000000000000000000e+00 0.000000000000000000e+00 2.530563595161136163e+03 9.933264829716783595e-01
0.000000000000000000e+00 0.000000000000000000e+00 0.000000000000000000e+00 2.546479089470325562e+03 9.947573345817564139e-01
0.000000000000000000e+00 0.000000000000000000e+00 0.000000000000000000e+00 2.562394583779514960e+03 9.959740084040069608e-01
0.000000000000000000e+00 0.000000000000000000e+00 0.000000000000000000e+00 2.578310078088704358e+03 9.969930444344341502e-01
0.000000000000000000e+00 0.000000000000000000e+00 0.000000000000000000e+00 2.594225572397894211e+03 9.978311847144964997e-01
0.000000000000000000e+00 0.000000000000000000e+00 0.000000000000000000e+00 2.610141066707083610e+03 9.985051770243488223e-01
0.000000000000000000e+00 0.000000000000000000e+00 0.000000000000000000e+00 2.626056561016273008e+03 9.990315946738371755e-01
0.000000000000000000e+00 0.000000000000000000e+00 0.000000000000000000e+00 2.641972055325462861e+03 9.994266737633827891e-01
0.000000000000000000e+00 0.000000000000000000e+00 0.000000000000000000e+00 2.657887549634652260e+03 9.997061687960899778e-01
0.000000000000000000e+00 0.000000000000000000e+00 0.000000000000000000e+00 2.673803043943841658e+03 9.998852270750693272e-01
0.000000000000000000e+00 0.000000000000000000e+00 0.000000000000000000e+00 2.689718538253031056e+03 9.999782819231015640e-01
0.000000000000000000e+00 0.000000000000000000e+00 0.000000000000000000e+00 2.705634032562220909e+03 9.999989644193744143e-01
0.000000000000000000e+00 0.000000000000000000e+00 0.000000000000000000e+00 2.721549526871410308e+03 9.999600330614466515e-01
0.000000000000000000e+00 0.000000000000000000e+00 0.000000000000000000e+00 2.737465021180599706e+03 9.998733205288709014e-01
0.000000000000000000e+00 0.000000000000000000e+00 0.000000000000000000e+00 2.753380515489789559e+03 9.997496965452752349e-01
0.000000000000000000e+00 0.000000000000000000e+00 0.000000000000000000e+00 2.769296009798978957e+03 9.995990457040223598e-01
0.000000000000000000e+00 0.000000000000000000e+00 0.000000000000000000e+00 2.785211504108168356e+03 9.994302590337373893e-01
0.000000000000000000e+00 0.000000000000000000e+00 0.000000000000000000e+00 2.801126998417358209e+03 9.992512380283917750e-01
0.000000000000000000e+00 0.000000000000000000e+00 0.000000000000000000e+00 2.817042492726547607e+03 9.990689098463940709e-01
0.000000000000000000e+00 0.000000000000000000e+00 0.000000000000000000e+00 2.832957987035737005e+03 9.988892523885142261e-01
0.000000000000000000e+00 0.000000000000000000e+00 0.000000000000000000e+00 2.848873481344926404e+03 9.987173279899939082e-01
0.000000000000000000e+00 0.000000000000000000e+00 0.000000000000000000e+00 2.864788975654116257e+03 9.985573245029055744e-01
0.000000000000000000e+00 0.000000000000000000e+00 0.000000000000000000e+00 2.880704469963305655e+03 9.984126025963315776e-01
0.000000000000000000e+00 0.000000000000000000e+00 0.000000000000000000e+00 2.896619964272495054e+03 9.982857481605433847e-01
0.000000000000000000e+00 0.000000000000000000e+00 0.000000000000000000e+00 2.912535458581684907e+03 9.981786287640438404e-01
0.000000000000000000e+00 0.000000000000000000e+00 0.000000000000000000e+00 2.928450952890874305e+03 9.980924531767431107e-01
0.000000000000000000e+00 0.000000000000000000e+00 0.000000000000000000e+00 2.944366447200063703e+03 9.980278330369927176e-01
0.000000000000000000e+00 0.000000000000000000e+00 0.000000000000000000e+00 2.960281941509253556e+03 9.979848458035436298e-01
0.000000000000000000e+00 0.000000000000000000e+00 0.000000000000000000e+00 2.976197435818442955e+03 9.979630981951359558e-01
0.000000000000000000e+00 0.000000000000000000e+00 0.000000000000000000e+00 2.992112930127632353e+03 9.979617893801289163e-01
0.000000000000000000e+00 0.000000000000000000e+00 0.000000000000000000e+00 3.008028424436821751e+03 9.979797732364750207e-01
0.000000000000000000e+00 0.000000000000000000e+00 0.000000000000000000e+00 3.023943918746011605e+03 9.980156190587636811e-01
0.000000000000000000e+00 0.000000000000000000e+00 0.000000000000000000e+00 3.039859413055201003e+03 9.980676701444997079e-01
0.000000000000000000e+00 0.000000000000000000e+00 0.000000000000000000e+00 3.055774907364390401e+03 9.981340997467854637e-01
0.000000000000000000e+00 0.000000000000000000e+00 0.000000000000000000e+00 3.071690401673580254e+03 9.982129639356958073e-01
0.000000000000000000e+00 0.000000000000000000e+00 0.000000000000000000e+00 3.087605895982769653e+03 9.983022509663210808e-01
0.000000000000000000e+00 0.000000000000000000e+00 0.000000000000000000e+00 3.103521390291959051e+03 9.983999268080832046e-01
0.000000000000000000e+00 0.000000000000000000e+00 0.000000000000000000e+00 3.119436884601148904e+03 9.985039765476879658e-01
0.000000000000000000e+00 0.000000000000000000e+00 0.000000000000000000e+00 3.135352378910338302e+03 9.986124414369923485e-01
0.000000000000000000e+00 0.000000000000000000e+00 0.000000000000000000e+00 3.151267873219527701e+03 9.987234514169962551e-01
0.000000000000000000e+00 0.000000000000000000e+00 0.000000000000000000e+00 3.167183367528717099e+03 9.988352530097653892e-01
0.000000000000000000e+00 0.000000000000000000e+00 0.000000000000000000e+00 3.183098861837906952e+03 9.989462325308680057e-01
0.000000000000000000e+00 0.000000000000000000e+00 0.000000000000000000e+00 3.199014356147096350e+03 9.990549346352319837e-01
0.000000000000000000e+00 0.000000000000000000e+00 0.000000000000000000e+00 3.214929850456285749e+03 9.991600762684393899e-01
0.000000000000000000e+00 0.000000000000000000e+00 0.000000000000000000e+00 3.230845344765475602e+03 9.992605561525738089e-01
0.000000000000000000e+00 0.000000000000000000e+00 0.000000000000000000e+00 3.246760839074665000e+03 9.993554599899450164e-01
0.000000000000000000e+00 0.000000000000000000e+00 0.000000000000000000e+00 3.262676333383854399e+03 9.994440616185108484e-01
0.000000000000000000e+00 0.000000000000000000e+00 0.000000000000000000e+00 3.278591827693044252e+03 9.995258203987569257e-01
0.000000000000000000e+00 0.000000000000000000e+00 0.000000000000000000e+00 3.294507322002233650e+03 9.996003751524749070e-01
0.000000000000000000e+00 0.000000000000000000e+00 0.000000000000000000e+00 3.310422816311423048e+03 9.996675350086420275e-01
0.000000000000000000e+00 0.000000000000000000e+00 0.000000000000000000e+00 3.326338310620612447e+03 9.997272675399607733e-01
0.000000000000000000e+00 0.000000000000000000e+00 0.000000000000000000e+00 3.342253804929802300e+03 9.997796845951889555e-01
0.000000000000000000e+00 0.000000000000000000e+00 0.000000000000000000e+00 3.358169299238991698e+03 9.998250262469777772e-01
0.000000000000000000e+00 0.000000000000000000e+00 0.000000000000000000e+00 3.374084793548181096e+03 9.998636432824696829e-01
0.000000000000000000e+00 0.000000000000000000e+00 0.000000000000000000e+00 3.390000287857370949e+03 9.998959786644885384e-01
0.000000000000000000e+00 0.000000000000000000e+00 0.000000000000000000e+00 3.405915782166560348e+03 9.999225483850049390e-01
0.000000000000000000e+00 0.000000000000000000e+00 0.000000000000000000e+00 3.421831276475749746e+03 9.999439221200498995e-01
0.000000000000000000e+00 0.000000000000000000e+00 0.000000000000000000e+00 3.437746770784939599e+03 9.999607040768287991e-01
0.000000000000000000e+00 0.000000000000000000e+00 0.000000000000000000e+00 3.453662265094128998e+03 9.999735144000252429e-01
0.000000000000000000e+00 0.000000000000000000e+00 0.000000000000000000e+00 3.469577759403318396e+03 9.999829714757929588e-01
0.000000000000000000e+00 0.000000000000000000e+00 0.000000000000000000e+00 3.485493253712507794e+03 9.999896754393777787e-01
0.000000000000000000e+00 0.000000000000000000e+00 0.000000000000000000e+00 3.501408748021697647e+03 9.999941931564015896e-01
0.000000000000000000e+00 0.000000000000000000e+00 0.000000000000000000e+00 3.517324242330887046e+03 9.999970449092518976e-01
0.000000000000000000e+00 0.000000000000000000e+00 0.000000000000000000e+00 3.533239736640076444e+03 9.999986929794875135e-01
0.000000000000000000e+00 0.000000000000000000e+00 0.000000000000000000e+00 3.549155230949266297e+03 9.999995322753288951e-01
0.000000000000000000e+00 0.000000000000000000e+00 0.000000000000000000e+00 3.565070725258455695e+03 9.999998831108435349e-01
0.000000000000000000e+00 0.000000000000000000e+00 0.000000000000000000e+00 3.580986219567645094e+03 9.999999862009438800e-01
0.000000000000000000e+00 0.000000000000000000e+00 0.000000000000000000e+00 3.596901713876834947e+03 9.999999998943824853e-01
0.000000000000000000e+00 0.000000000000000000e+00 0.000000000000000000e+00 3.612817208186024345e+03 9.999999996260884316e-01
0.000000000000000000e+00 0.000000000000000000e+00 0.000000000000000000e+00 3.628732702495213744e+03 9.999999795309317818e-01
0.000000000000000000e+00 0.000000000000000000e+00 0.000000000000000000e+00 3.644648196804403142e+03 9.999998561237873895e-01
0.000000000000000000e+00 0.000000000000000000e+00 0.000000000000000000e+00 3.660563691113592995e+03 9.999994739160193991e-01
0.000000000000000000e+00 0.000000000000000000e+00 0.000000000000000000e+00 3.676479185422782393e+03 9.999986128065860846e-01
0.000000000000000000e+00 0.000000000000000000e+00 0.000000000000000000e+00 3.692394679731971792e+03 9.999969970572439859e-01
0.000000000000000000e+00 0.000000000000000000e+00 0.000000000000000000e+00 3.708310174041161645e+03 9.999943056361013660e-01
0.000000000000000000e+00 0.000000000000000000e+00 0.000000000000000000e+00 3.724225668350351043e+03 9.999901836923137388e-01
0.000000000000000000e+00 0.000000000000000000e+00 0.000000000000000000e+00 3.740141162659540441e+03 9.999842549072854858e-01
0.000000000000000000e+00 0.000000000000000000e+00 0.000000000000000000e+00 3.756056656968730294e+03 9.999761344545123887e-01
0.000000000000000000e+00 0.000000000000000000e+00 0.000000000000000000e+00 3.771972151277919693e+03 9.999654422913542007e-01
0.000000000000000000e+00 0.000000000000000000e+00 0.000000000000000000e+00 3.787887645587109091e+03 9.999518165016501037e-01
0.000000000000000000e+00 0.000000000000000000e+00 0.000000000000000000e+00 3.803803139896298489e+03 9.999349264082543209e-01
0.000000000000000000e+00 0.000000000000000000e+00 0.000000000000000000e+00 3.819718634205488343e+03 9.999144851792451938e-01
0.000000000000000000e+00 0.000000000000000000e+00 0.000000000000000000e+00 3.835634128514677741e+03 9.998902616607114879e-01
0.000000000000000000e+00 0.000000000000000000e+00 0.000000000000000000e+00 3.851549622823867139e+03 9.998620911824729340e-01
0.000000000000000000e+00 0.000000000000000000e+00 0.000000000000000000e+00 3.867465117133056992e+03 9.998298851006743870e-01
0.000000000000000000e+00 0.000000000000000000e+00 0.000000000000000000e+00 3.883380611442246391e+03 9.997936388626003090e-01
0.000000000000000000e+00 0.000000000000000000e+00 0.000000000000000000e+00 3.899296105751435789e+03 9.997534384039744593e-01
0.000000000000000000e+00 0.000000000000000000e+00 0.000000000000000000e+00 3.915211600060625187e+03 9.997094647170007287e-01
0.000000000000000000e+00 0.000000000000000000e+00 0.000000000000000000e+00 3.931127094369815040e+03 9.996619964580297779e-01
0.000000000000000000e+00 0.000000000000000000e+00 0.000000000000000000e+00 3.947042588679004439e+03 9.996114104964664016e-01
0.000000000000000000e+00 0.000000000000000000e+00 0.000000000000000000e+00 3.962958082988193837e+03 9.995581803408252197e-01
0.000000000000000000e+00 0.000000000000000000e+00 0.000000000000000000e+00 3.978873577297383690e+03 9.995028724131213016e-01
0.000000000000000000e+00 0.000000000000000000e+00 0.000000000000000000e+00 3.994789071606573089e+03 9.994461401784415777e-01
0.000000000000000000e+00 0.000000000000000000e+00 0.000000000000000000e+00 4.010704565915762487e+03 9.993887161720240719e-01
0.000000000000000000e+00 0.000000000000000000e+00 0.000000000000000000e+00 4.026620060224952340e+03 9.993314020008694509e-01
0.000000000000000000e+00 0.000000000000000000e+00 0.000000000000000000e+00 4.042535554534141738e+03 9.992750564303090055e-01
0.000000000000000000e+00 0.000000000000000000e+00 0.000000000000000000e+00 4.058451048843331137e+03 9.992205816975346933e-01
0.000000000000000000e+00 0.000000000000000000e+00 0.000000000000000000e+00 4.074366543152520535e+03 9.991689082234234132e-01
0.000000000000000000e+00 0.000000000000000000e+00 0.000000000000000000e+00 4.090282037461710388e+03 9.991209779206651209e-01
0.000000000000000000e+00 0.000000000000000000e+00 0.000000000000000000e+00 4.106197531770900241e+03 9.990777263199137614e-01
0.000000000000000000e+00 0.000000000000000000e+00 0.000000000000000000e+00 4.122113026080089185e+03 9.990400637561647201e-01
0.000000000000000000e+00 0.000000000000000000e+00 0.000000000000000000e+00 4.138028520389279038e+03 9.990088558746492708e-01
0.000000000000000000e+00 0.000000000000000000e+00 0.000000000000000000e+00 4.153944014698467981e+03 9.989849037290956524e-01
0.000000000000000000e+00 0.000000000000000000e+00 0.000000000000000000e+00 4.169859509007657834e+03 9.989689237551970802e-01
0.000000000000000000e+00 0.000000000000000000e+00 0.000000000000000000e+00 4.185775003316847688e+03 9.989615279085426458e-01
0.000000000000000000e+00 0.000000000000000000e+00 0.000000000000000000e+00 4.201690497626036631e+03 9.989632042591605199e-01
0.000000000000000000e+00 0.000000000000000000e+00 0.000000000000000000e+00 4.217605991935226484e+03 9.989742983342659866e-01
0.000000000000000000e+00 0.000000000000000000e+00 0.000000000000000000e+00 4.233521486244416337e+03 9.989949954969352675e-01
0.000000000000000000e+00 0.000000000000000000e+00 0.000000000000000000e+00 4.249436980553605281e+03 9.990253046413265503e-01
0.000000000000000000e+00 0.000000000000000000e+00 0.000000000000000000e+00 4.265352474862795134e+03 9.990650434749167585e-01
0.000000000000000000e+00 0.000000000000000000e+00 0.000000000000000000e+00 4.281267969171984987e+03 9.991138256451083111e-01
0.000000000000000000e+00 0.000000000000000000e+00 0.000000000000000000e+00 4.297183463481173931e+03 9.991710499516395227e-01
0.000000000000000000e+00 0.000000000000000000e+00 0.000000000000000000e+00 4.313098957790363784e+03 9.992358918675859902e-01
0.000000000000000000e+00 0.000000000000000000e+00 0.000000000000000000e+00 4.329014452099553637e+03 9.993072975704946348e-01
0.000000000000000000e+00 0.000000000000000000e+00 0.000000000000000000e+00 4.344929946408742580e+03 9.993839806614035481e-01
0.000000000000000000e+00 0.000000000000000000e+00 0.000000000000000000e+00 4.360845440717932433e+03 9.994644217232762085e-01
0.000000000000000000e+00 0.000000000000000000e+00 0.000000000000000000e+00 4.376760935027122287e+03 9.995468708417627468e-01
0.000000000000000000e+00 0.000000000000000000e+00 0.000000000000000000e+00 4.392676429336311230e+03 9.996293531803064347e-01
0.000000000000000000e+00 0.000000000000000000e+00 0.000000000000000000e+00 4.408591923645501083e+03 9.997096776685168162e-01
0.000000000000000000e+00 0.000000000000000000e+00 0.000000000000000000e+00 4.424507417954690936e+03 9.997854488275773610e-01
0.000000000000000000e+00 0.000000000000000000e+00 0.000000000000000000e+00 4.440422912263879880e+03 9.998540817194070396e-01
0.000000000000000000e+00 0.000000000000000000e+00 0.000000000000000000e+00 4.456338406573069733e+03 9.999128199675892947e-01
0.000000000000000000e+00 0.000000000000000000e+00 0.000000000000000000e+00 4.472253900882258677e+03 9.999587567579935055e-01
0.000000000000000000e+00 0.000000000000000000e+00 0.000000000000000000e+00 4.488169395191448530e+03 9.999888586859217998e-01
0.000000000000000000e+00 0.000000000000000000e+00 0.000000000000000000e+00 4.504084889500638383e+03 9.999999922749608361e-01
0.000000000000000000e+00 0.000000000000000000e+00 0.000000000000000000e+00 4.520000383809827326e+03 9.999889529510265218e-01
0.000000000000000000e+00 0.000000000000000000e+00 0.000000000000000000e+00 4.535915878119017179e+03 9.999524962139862971e-01
0.000000000000000000e+00 0.000000000000000000e+00 0.000000000000000000e+00 4.551831372428207032e+03 9.998873707094064756e-01
0.000000000000000000e+00 0.000000000000000000e+00 0.000000000000000000e+00 4.567746866737395976e+03 9.997903528651694849e-01
0.000000000000000000e+00 0.000000000000000000e+00 0.000000000000000000e+00 4.583662361046585829e+03 9.996582827227455947e-01
0.000000000000000000e+00 0.000000000000000000e+00 0.000000000000000000e+00 4.599577855355775682e+03 9.994881005616266245e-01
0.000000000000000000e+00 0.000000000000000000e+00 0.000000000000000000e+00 4.615493349664964626e+03 9.992768838886887384e-01
0.000000000000000000e+00 0.000000000000000000e+00 0.000000000000000000e+00 4.631408843974154479e+03 9.990218843428847473e-01
0.000000000000000000e+00 0.000000000000000000e+00 0.000000000000000000e+00 4.647324338283344332e+03 9.987205640504401849e-01
0.000000000000000000e+00 0.000000000000000000e+00 0.000000000000000000e+00 4.663239832592533276e+03 9.983706309573547877e-01
0.000000000000000000e+00 0.000000000000000000e+00 0.000000000000000000e+00 4.679155326901723129e+03 9.979700726650720943e-01
0.000000000000000000e+00 0.000000000000000000e+00 0.000000000000000000e+00 4.695070821210912982e+03 9.975171883021038965e-01
0.000000000000000000e+00 0.000000000000000000e+00 0.000000000000000000e+00 4.710986315520101925e+03 9.970106179794751000e-01
0.000000000000000000e+00 0.000000000000000000e+00 0.000000000000000000e+00 4.726901809829291778e+03 9.964493694011319347e-01
0.000000000000000000e+00 0.000000000000000000e+00 0.000000000000000000e+00 4.742817304138481632e+03 9.958328412318173672e-01
0.000000000000000000e+00 0.000000000000000000e+00 0.000000000000000000e+00 4.758732798447670575e+03 9.951608428639997506e-01
0.000000000000000000e+00 0.000000000000000000e+00 0.000000000000000000e+00 4.774648292756860428e+03 9.944336102716522241e-01
0.000000000000000000e+00 0.000000000000000000e+00 0.000000000000000000e+00 4.790563787066049372e+03 9.936518176912408906e-01
0.000000000000000000e+00 0.000000000000000000e+00 0.000000000000000000e+00 4.806479281375239225e+03 9.928165849282006850e-01
0.000000000000000000e+00 0.000000000000000000e+00 0.000000000000000000e+00 4.822394775684429078e+03 9.919294801492739566e-01
0.000000000000000000e+00 0.000000000000000000e+00 0.000000000000000000e+00 4.838310269993618022e+03 9.909925180860836846e-01
0.000000000000000000e+00 0.000000000000000000e+00 0.000000000000000000e+00 4.854225764302807875e+03 9.900081536417817407e-01
0.000000000000000000e+00 0.000000000000000000e+00 0.000000000000000000e+00 4.870141258611997728e+03 9.889792709591063158e-01
0.000000000000000000e+00 0.000000000000000000e+00 0.000000000000000000e+00 4.886056752921186671e+03 9.879091680732192682e-01
0.000000000000000000e+00 0.000000000000000000e+00 0.000000000000000000e+00 4.901972247230376524e+03 9.868015373348542063e-01
0.000000000000000000e+00 0.000000000000000000e+00 0.000000000000000000e+00 4.917887741539566377e+03 9.856604418472263429e-01
0.000000000000000000e+00 0.000000000000000000e+00 0.000000000000000000e+00 4.933803235848755321e+03 9.844902882126349564e-01
0.000000000000000000e+00 0.000000000000000000e+00 0.000000000000000000e+00 4.949718730157945174e+03 9.832957959306701801e-01
0.000000000000000000e+00 0.000000000000000000e+00 0.000000000000000000e+00 4.965634224467135027e+03 9.820819638285713804e-01
0.000000000000000000e+00 0.000000000000000000e+00 0.000000000000000000e+00 4.981549718776323971e+03 9.808540339349585135e-01
0.000000000000000000e+00 0.000000000000000000e+00 0.000000000000000000e+00 4.997465213085513824e+03 9.796174532304794402e-01
0.000000000000000000e+00 0.000000000000000000e+00 0.000000000000000000e+00 5.013380707394703677e+03 9.783778337227595490e-01
0.000000000000000000e+00 0.000000000000000000e+00 0.000000000000000000e+00 5.029296201703892621e+03 9.771409112984932310e-01
0.000000000000000000e+00 0.000000000000000000e+00 0.000000000000000000e+00 5.045211696013082474e+03 9.759125038029387023e-01
0.000000000000000000e+00 0.000000000000000000e+00 0.000000000000000000e+00 5.061127190322272327e+03 9.746984687869835184e-01
0.000000000000000000e+00 0.000000000000000000e+00 0.000000000000000000e+00 5.077042684631461270e+03 9.735046613450820674e-01
0.000000000000000000e+00 0.000000000000000000e+00 0.000000000000000000e+00 5.092958178940651123e+03 9.723368924445932038e-01
0.000000000000000000e+00 0.000000000000000000e+00 0.000000000000000000e+00 5.108873673249840067e+03 9.712008881193368026e-01
0.000000000000000000e+00 0.000000000000000000e+00 0.000000000000000000e+00 5.124789167559029920e+03 9.701022498686193707e-01
0.000000000000000000e+00 0.000000000000000000e+00 0.000000000000000000e+00 5.140704661868219773e+03 9.690464165686132336e-01
0.000000000000000000e+00 0.000000000000000000e+00 0.000000000000000000e+00 5.156620156177408717e+03 9.680386281669113302e-01
0.000000000000000000e+00 0.000000000000000000e+00 0.000000000000000000e+00 5.172535650486598570e+03 9.670838913943529125e-01
0.000000000000000000e+00 0.000000000000000000e+00 0.000000000000000000e+00 5.188451144795788423e+03 9.661869476917991362e-01
0.000000000000000000e+00 0.000000000000000000e+00 0.000000000000000000e+00 5.204366639104977367e+03 9.653522435142977143e-01
0.000000000000000000e+00 0.000000000000000000e+00 0.000000000000000000e+00 5.220282133414167220e+03 9.645839031417686726e-01
0.000000000000000000e+00 0.000000000000000000e+00 0.000000000000000000e+00 5.236197627723357073e+03 9.638857040945818522e-01
0.000000000000000000e+00 0.000000000000000000e+00 0.000000000000000000e+00 5.252113122032546016e+03 9.632610552246438917e-01
0.000000000000000000e+00 0.000000000000000000e+00 0.000000000000000000e+00 5.268028616341735869e+03 9.627129775281907387e-01
0.000000000000000000e+00 0.000000000000000000e+00 0.000000000000000000e+00 5.283944110650925722e+03 9.622440877055578046e-01
0.000000000000000000e+00 0.000000000000000000e+00 0.000000000000000000e+00 5.299859604960114666e+03 9.618565844757812622e-01
0.000000000000000000e+00 0.000000000000000000e+00 0.000000000000000000e+00 5.315775099269304519e+03 9.615522376398760729e-01
0.000000000000000000e+00 0.000000000000000000e+00 0.000000000000000000e+00 5.331690593578494372e+03 9.613323798757806848e-01
0.000000000000000000e+00 0.000000000000000000e+00 0.000000000000000000e+00 5.347606087887683316e+03 9.611979012399258782e-01
0.000000000000000000e+00 0.000000000000000000e+00 0.000000000000000000e+00 5.363521582196873169e+03 9.611492463447326440e-01
0.000000000000000000e+00 0.000000000000000000e+00 0.000000000000000000e+00 5.379437076506062112e+03 9.611864141775823267e-01
0.000000000000000000e+00 0.000000000000000000e+00 0.000000000000000000e+00 5.395352570815251966e+03 9.613089605243685387e-01
0.000000000000000000e+00 0.000000000000000000e+00 0.000000000000000000e+00 5.411268065124441819e+03 9.615160029590803514e-01
0.000000000000000000e+00 0.000000000000000000e+00 0.000000000000000000e+00 5.427183559433630762e+03 9.618062283593811213e-01
0.000000000000000000e+00 0.000000000000000000e+00 0.000000000000000000e+00 5.443099053742820615e+03 9.621779029062967892e-01
0.000000000000000000e+00 0.000000000000000000e+00 0.000000000000000000e+00 5.459014548052010468e+03 9.626288845233672564e-01
0.000000000000000000e+00 0.000000000000000000e+00 0.000000000000000000e+00 5.474930042361199412e+03 9.631566377064855189e-01
0.000000000000000000e+00 0.000000000000000000e+00 0.000000000000000000e+00 5.490845536670389265e+03 9.637582506897488521e-01
0.000000000000000000e+00 0.000000000000000000e+00 0.000000000000000000e+00 5.506761030979579118e+03 9.644304548846588387e-01
0.000000000000000000e+00 0.000000000000000000e+00 0.000000000000000000e+00 5.522676525288768062e+03 9.651696465197222574e-01
0.000000000000000000e+00 0.000000000000000000e+00 0.000000000000000000e+00 5.538592019597957915e+03 9.659719103948047891e-01
0.000000000000000000e+00 0.000000000000000000e+00 0.000000000000000000e+00 5.554507513907147768e+03 9.668330456494987901e-01
0.000000000000000000e+00 0.000000000000000000e+00 0.000000000000000000e+00 5.570423008216336711e+03 9.677485934273883927e-01
0.000000000000000000e+00 0.000000000000000000e+00 0.000000000000000000e+00 5.586338502525526565e+03 9.687138662986868320e-01
0.000000000000000000e+00 0.000000000000000000e+00 0.000000000000000000e+00 5.602253996834716418e+03 9.697239792826296556e-01
0.000000000000000000e+00 0.000000000000000000e+00 0.000000000000000000e+00 5.618169491143905361e+03 9.707738822886888830e-01
0.000000000000000000e+00 0.000000000000000000e+00 0.000000000000000000e+00 5.634084985453095214e+03 9.718583937726876787e-01
0.000000000000000000e+00 0.000000000000000000e+00 0.000000000000000000e+00 5.650000479762285067e+03 9.729722353808638591e-01
0.000000000000000000e+00 0.000000000000000000e+00 0.000000000000000000e+00 5.665915974071474011e+03 9.741100673325476800e-01
0.000000000000000000e+00 0.000000000000000000e+00 0.000000000000000000e+00 5.681831468380663864e+03 9.752665242711058280e-01
0.000000000000000000e+00 0.000000000000000000e+00 0.000000000000000000e+00 5.697746962689852808e+03 9.764362512939130934e-01
0.000000000000000000e+00 0.000000000000000000e+00 0.000000000000000000e+00 5.713662456999042661e+03 9.776139398560519389e-01
0.000000000000000000e+00 0.000000000000000000e+00 0.000000000000000000e+00 5.729577951308232514e+03 9.787943632299302976e-01
0.000000000000000000e+00 0.000000000000000000e+00 0.000000000000000000e+00 5.745493445617421457e+03 9.799724111946508387e-01
0.000000000000000000e+00 0.000000000000000000e+00 0.000000000000000000e+00 5.761408939926611311e+03 9.811431236253216337e-01
0.000000000000000000e+00 0.000000000000000000e+00 0.000000000000000000e+00 5.777324434235801164e+03 9.823017226539949576e-01
0.000000000000000000e+00 0.000000000000000000e+00 0.000000000000000000e+00 5.793239928544990107e+03 9.834436430808599638e-01
0.000000000000000000e+00 0.000000000000000000e+00 0.000000000000000000e+00 5.809155422854179960e+03 9.845645607268631583e-01
0.000000000000000000e+00 0.000000000000000000e+00 0.000000000000000000e+00 5.825070917163369813e+03 9.856604184370885147e-01
0.000000000000000000e+00 0.000000000000000000e+00 0.000000000000000000e+00 5.840986411472558757e+03 9.867274494678535124e-01
0.000000000000000000e+00 0.000000000000000000e+00 0.000000000000000000e+00 5.856901905781748610e+03 9.877621980192559104e-01
0.000000000000000000e+00 0.000000000000000000e+00 0.000000000000000000e+00 5.872817400090938463e+03 9.887615367083790741e-01
0.000000000000000000e+00 0.000000000000000000e+00 0.000000000000000000e+00 5.888732894400127407e+03 9.897226808159410583e-01
0.000000000000000000e+00 0.000000000000000000e+00 0.000000000000000000e+00 5.904648388709317260e+03 9.906431991801327719e-01
0.000000000000000000e+00 0.000000000000000000e+00 0.000000000000000000e+00 5.920563883018507113e+03 9.915210216549080746e-01
0.000000000000000000e+00 0.000000000000000000e+00 0.000000000000000000e+00 5.936479377327696056e+03 9.923544430952000450e-01
0.000000000000000000e+00 0.000000000000000000e+00 0.000000000000000000e+00 5.952394871636885910e+03 9.931421238774645888e-01
0.000000000000000000e+00 0.000000000000000000e+00 0.000000000000000000e+00 5.968310365946075763e+03 9.938830870096879710e-01
0.000000000000000000e+00 0.000000000000000000e+00 0.000000000000000000e+00 5.984225860255264706e+03 9.945767119295603198e-01
0.000000000000000000e+00 0.000000000000000000e+00 0.000000000000000000e+00 6.000141354564454559e+03 9.952227251320338031e-01
0.000000000000000000e+00 0.000000000000000000e+00 0.000000000000000000e+00 6.016056848873643503e+03 9.958211878071174805e-01
0.000000000000000000e+00 0.000000000000000000e+00 0.000000000000000000e+00 6.031972343182833356e+03 9.963724807047558141e-01
0.000000000000000000e+00 0.000000000000000000e+00 0.000000000000000000e+00 6.047887837492023209e+03 9.968772864753813190e-01
0.000000000000000000e+00 0.000000000000000000e+00 0.000000000000000000e+00 6.063803331801212153e+03 9.973365697616906056e-01
0.000000000000000000e+00 0.000000000000000000e+00 0.000000000000000000e+00 6.079718826110402006e+03 9.977515553390166048e-01
0.000000000000000000e+00 0.000000000000000000e+00 0.000000000000000000e+00 6.095634320419591859e+03 9.981237046180916339e-01
0.000000000000000000e+00 0.000000000000000000e+00 0.000000000000000000e+00 6.111549814728780802e+03 9.984546908349380967e-01
0.000000000000000000e+00 0.000000000000000000e+00 0.000000000000000000e+00 6.127465309037970655e+03 9.987463732581058906e-01
0.000000000000000000e+00 0.000000000000000000e+00 0.000000000000000000e+00 6.143380803347160509e+03 9.990007707436477924e-01
0.000000000000000000e+00 0.000000000000000000e+00 0.000000000000000000e+00 6.159296297656349452e+03 9.992200349633659773e-01
0.000000000000000000e+00 0.000000000000000000e+00 0.000000000000000000e+00 6.175211791965539305e+03 9.994064236223130226e-01
0.000000000000000000e+00 0.000000000000000000e+00 0.000000000000000000e+00 6.191127286274729158e+03 9.995622739677527679e-01
0.000000000000000000e+00 0.000000000000000000e+00 0.000000000000000000e+00 6.207042780583918102e+03 9.996899768742487646e-01
0.000000000000000000e+00 0.000000000000000000e+00 0.000000000000000000e+00 6.222958274893107955e+03 9.997919517688176327e-01
0.000000000000000000e+00 0.000000000000000000e+00 0.000000000000000000e+00 6.238873769202297808e+03 9.998706226367011229e-01
0.000000000000000000e+00 0.000000000000000000e+00 0.000000000000000000e+00 6.254789263511486752e+03 9.999283953228583766e-01
0.000000000000000000e+00 0.000000000000000000e+00 0.000000000000000000e+00 6.270704757820676605e+03 9.999676363173043425e-01
0.000000000000000000e+00 0.000000000000000000e+00 0.000000000000000000e+00 6.286620252129866458e+03 9.999906531844720003e-01
0.000000000000000000e+00 0.000000000000000000e+00 0.000000000000000000e+00 6.302535746439055401e+03 9.999996767683474452e-01
0.000000000000000000e+00 0.000000000000000000e+00 0.000000000000000000e+00 6.318451240748245255e+03 9.999968452766827554e-01
0.000000000000000000e+00 0.000000000000000000e+00 0.000000000000000000e+00 6.334366735057434198e+03 9.999841903195592074e-01
0.000000000000000000e+00 0.000000000000000000e+00 0.000000000000000000e+00 6.350282229366624051e+03 9.999636249502866781e-01
0.000000000000000000e+00 0.000000000000000000e+00 0.000000000000000000e+00 6.366197723675813904e+03 9.999369337304363503e-01
0.000000000000000000e+00 0.000000000000000000e+00 0.000000000000000000e+00 6.382113217985002848e+03 9.999057648159326295e-01
0.000000000000000000e+00 0.000000000000000000e+00 0.000000000000000000e+00 6.398028712294192701e+03 9.998716240378130449e-01
0.000000000000000000e+00 0.000000000000000000e+00 0.000000000000000000e+00 6.413944206603382554e+03 9.998358709296552016e-01
0.000000000000000000e+00 0.000000000000000000e+00 0.000000000000000000e+00 6.429859700912571498e+03 9.997997166338914443e-01
0.000000000000000000e+00 0.000000000000000000e+00 0.000000000000000000e+00 6.445775195221761351e+03 9.997642236013671857e-01
0.000000000000000000e+00 0.000000000000000000e+00 0.000000000000000000e+00 6.461690689530951204e+03 9.997303069826118938e-01
0.000000000000000000e+00 0.000000000000000000e+00 0.000000000000000000e+00 6.477606183840140147e+03 9.996987375953934052e-01
0.000000000000000000e+00 0.000000000000000000e+00 0.000000000000000000e+00 6.493521678149330000e+03 9.996701463412450694e-01
0.000000000000000000e+00 0.000000000000000000e+00 0.000000000000000000e+00 6.509437172458519854e+03 9.996450299337574785e-01
0.000000000000000000e+00 0.000000000000000000e+00 0.000000000000000000e+00 6.525352666767708797e+03 9.996237577935085383e-01
0.000000000000000000e+00 0.000000000000000000e+00 0.000000000000000000e+00 6.541268161076898650e+03 9.996065799585216460e-01
0.000000000000000000e+00 0.000000000000000000e+00 0.000000000000000000e+00 6.557183655386088503e+03 9.995936358550516765e-01
0.000000000000000000e+00 0.000000000000000000e+00 0.000000000000000000e+00 6.573099149695277447e+03 9.995849637712608260e-01
0.000000000000000000e+00 0.000000000000000000e+00 0.000000000000000000e+00 6.589014644004467300e+03 9.995805108758948343e-01
0.000000000000000000e+00 0.000000000000000000e+00 0.000000000000000000e+00 6.604930138313656244e+03 9.995801436253559658e-01
0.000000000000000000e+00 0.000000000000000000e+00 0.000000000000000000e+00 6.620845632622846097e+03 9.995836584055166618e-01
0.000000000000000000e+00 0.000000000000000000e+00 0.000000000000000000e+00 6.636761126932035950e+03 9.995907922591618089e-01
0.000000000000000000e+00 0.000000000000000000e+00 0.000000000000000000e+00 6.652676621241224893e+03 9.996012335559908424e-01
0.000000000000000000e+00 0.000000000000000000e+00 0.000000000000000000e+00 6.668592115550414746e+03 9.996146324695820429e-01
0.000000000000000000e+00 0.000000000000000000e+00 0.000000000000000000e+00 6.684507609859604599e+03 9.996306111345008016e-01
0.000000000000000000e+00 0.000000000000000000e+00 0.000000000000000000e+00 6.700423104168793543e+03 9.996487733667103193e-01
0.000000000000000000e+00 0.000000000000000000e+00 0.000000000000000000e+00 6.716338598477983396e+03 9.996687138415016882e-01
0.000000000000000000e+00 0.000000000000000000e+00 0.000000000000000000e+00 6.732254092787173249e+03 9.996900266351422815e-01
0.000000000000000000e+00 0.000000000000000000e+00 0.000000000000000000e+00 6.748169587096362193e+03 9.997123130492229226e-01
0.000000000000000000e+00 0.000000000000000000e+00 0.000000000000000000e+00 6.764085081405552046e+03 9.997351886500691620e-01
0.000000000000000000e+00 0.000000000000000000e+00 0.000000000000000000e+00 6.780000575714741899e+03 9.997582894694374556e-01
0.000000000000000000e+00 0.000000000000000000e+00 0.000000000000000000e+00 6.795916070023930843e+03 9.997812773268305309e-01
0.000000000000000000e+00 0.000000000000000000e+00 0.000000000000000000e+00 6.811831564333120696e+03 9.998038442479754151e-01
0.000000000000000000e+00 0.000000000000000000e+00 0.000000000000000000e+00 6.827747058642310549e+03 9.998257159681120942e-01
0.000000000000000000e+00 0.000000000000000000e+00 0.000000000000000000e+00 6.843662552951499492e+03 9.998466545225648261e-01
0.000000000000000000e+00 0.000000000000000000e+00 0.000000000000000000e+00 6.859578047260689345e+03 9.998664599404153419e-01
0.000000000000000000e+00 0.000000000000000000e+00 0.000000000000000000e+00 6.875493541569879199e+03 9.998849710698060056e-01
0.000000000000000000e+00 0.000000000000000000e+00 0.000000000000000000e+00 6.891409035879068142e+03 9.999020655752900444e-01
0.000000000000000000e+00 0.000000000000000000e+00 0.000000000000000000e+00 6.907324530188257995e+03 9.999176591585756668e-01
0.000000000000000000e+00 0.000000000000000000e+00 0.000000000000000000e+00 6.923240024497446939e+03 9.999317040638344700e-01
0.000000000000000000e+00 0.000000000000000000e+00 0.000000000000000000e+00 6.939155518806636792e+03 9.999441869373453251e-01
0.000000000000000000e+00 0.000000000000000000e+00 0.000000000000000000e+00 6.955071013115826645e+03 9.999551261185302131e-01
0.000000000000000000e+00 0.000000000000000000e+00 0.000000000000000000e+00 6.970986507425015589e+03 9.999645684453190020e-01
0.000000000000000000e+00 0.000000000000000000e+00 0.000000000000000000e+00 6.986902001734205442e+03 9.999725856612182717e-01
0.000000000000000000e+00 0.000000000000000000e+00 0.000000000000000000e+00 7.002817496043395295e+03 9.999792705144086025e-01
0.000000000000000000e+00 0.000000000000000000e+00 0.000000000000000000e+00 7.018732990352584238e+03 9.999847326406594572e-01
0.000000000000000000e+00 0.000000000000000000e+00 0.000000000000000000e+00 7.034648484661774091e+03 9.999890943218427974e-01
0.000000000000000000e+00 0.000000000000000000e+00 0.000000000000000000e+00 7.050563978970963944e+03 9.999924862103781731e-01
0.000000000000000000e+00 0.000000000000000000e+00 0.000000000000000000e+00 7.066479473280152888e+03 9.999950431071236157e-01
0.000000000000000000e+00 0.000000000000000000e+00 0.000000000000000000e+00 7.082394967589342741e+03 9.999968998761004091e-01
0.000000000000000000e+00 0.000000000000000000e+00 0.000000000000000000e+00 7.098310461898532594e+03 9.999981875741108528e-01
0.000000000000000000e+00 0.000000000000000000e+00 0.000000000000000000e+00 7.114225956207721538e+03 9.999990298668808286e-01
0.000000000000000000e+00 0.000000000000000000e+00 0.000000000000000000e+00 7.130141450516911391e+03 9.999995397959524635e-01
0.000000000000000000e+00 0.000000000000000000e+00 0.000000000000000000e+00 7.146056944826101244e+03 9.999998169523052205e-01
0.000000000000000000e+00 0.000000000000000000e+00 0.000000000000000000e+00 7.161972439135290188e+03 9.999999451037299147e-01
0.000000000000000000e+00 0.000000000000000000e+00 0.000000000000000000e+00 7.177887933444480041e+03 9.999999903134704216e-01
0.000000000000000000e+00 0.000000000000000000e+00 0.000000000000000000e+00 7.193803427753669894e+03 9.999999995777316686e-01
0.000000000000000000e+00 0.000000000000000000e+00 0.000000000000000000e+00 7.209718922062858837e+03 9.999999999994813038e-01
0.000000000000000000e+00 0.000000000000000000e+00 0.000000000000000000e+00 7.225634416372048690e+03 9.999999985057044238e-01
0.000000000000000000e+00 0.000000000000000000e+00 0.000000000000000000e+00 7.241549910681237634e+03 9.999999821050480353e-01
0.000000000000000000e+00 0.000000000000000000e+00 0.000000000000000000e+00 7.257465404990427487e+03 9.999999186727752676e-01
0.000000000000000000e+00 0.000000000000000000e+00 0.000000000000000000e+00 7.273380899299617340e+03 9.999997582402710972e-01
0.000000000000000000e+00 0.000000000000000000e+00 0.000000000000000000e+00 7.289296393608806284e+03 9.999994347571471431e-01
0.000000000000000000e+00 0.000000000000000000e+00 0.000000000000000000e+00 7.305211887917996137e+03 9.999988682854062949e-01
0.000000000000000000e+00 0.000000000000000000e+00 0.000000000000000000e+00 7.321127382227185990e+03 9.999979675772773247e-01
0.000000000000000000e+00 0.000000000000000000e+00 0.000000000000000000e+00 7.337042876536374933e+03 9.999966329813150256e-01
0.000000000000000000e+00 0.000000000000000000e+00 0.000000000000000000e+00 7.352958370845564787e+03 9.999947596152924945e-01
0.000000000000000000e+00 0.000000000000000000e+00 0.000000000000000000e+00 7.368873865154754640e+03 9.999922407393688761e-01
0.000000000000000000e+00 0.000000000000000000e+00 0.000000000000000000e+00 7.384789359463943583e+03 9.999889712590683821e-01
0.000000000000000000e+00 0.000000000000000000e+00 0.000000000000000000e+00 7.400704853773133436e+03 9.999848512848181770e-01
0.000000000000000000e+00 0.000000000000000000e+00 0.000000000000000000e+00 7.416620348082323289e+03 9.999797896732045555e-01
0.000000000000000000e+00 0.000000000000000000e+00 0.000000000000000000e+00 7.432535842391512233e+03 9.999737074747268029e-01
0.000000000000000000e+00 0.000000000000000000e+00 0.000000000000000000e+00 7.448451336700702086e+03 9.999665412136955478e-01
0.000000000000000000e+00 0.000000000000000000e+00 0.000000000000000000e+00 7.464366831009891939e+03 9.999582459279894309e-01
0.000000000000000000e+00 0.000000000000000000e+00 0.000000000000000000e+00 7.480282325319080883e+03 9.999487978996508541e-01
0.000000000000000000e+00 0.000000000000000000e+00 0.000000000000000000e+00 7.496197819628270736e+03 9.999381970117054985e-01
0.000000000000000000e+00 0.000000000000000000e+00 0.000000000000000000e+00 7.512113313937460589e+03 9.999264686720736872e-01
0.000000000000000000e+00 0.000000000000000000e+00 0.000000000000000000e+00 7.528028808246649533e+03 9.999136652519240442e-01
0.000000000000000000e+00 0.000000000000000000e+00 0.000000000000000000e+00 7.543944302555839386e+03 9.998998669932025463e-01
0.000000000000000000e+00 0.000000000000000000e+00 0.000000000000000000e+00 7.559859796865028329e+03 9.998851823482470813e-01
0.000000000000000000e+00 0.000000000000000000e+00 0.000000000000000000e+00 7.575775291174218182e+03 9.998697477232465491e-01
0.000000000000000000e+00 0.000000000000000000e+00 0.000000000000000000e+00 7.591690785483408035e+03 9.998537266066848117e-01
0.000000000000000000e+00 0.000000000000000000e+00 0.000000000000000000e+00 7.607606279792596979e+03 9.998373080737004148e-01
0.000000000000000000e+00 0.000000000000000000e+00 0.000000000000000000e+00 7.623521774101786832e+03 9.998207046673224241e-01
0.000000000000000000e+00 0.000000000000000000e+00 0.000000000000000000e+00 7.639437268410976685e+03 9.998041496676896012e-01
0.000000000000000000e+00 0.000000000000000000e+00 0.000000000000000000e+00 7.655352762720165629e+03 9.997878937704477442e-01
0.000000000000000000e+00 0.000000000000000000e+00 0.000000000000000000e+00 7.671268257029355482e+03 9.997722012054254259e-01
0.000000000000000000e+00 0.000000000000000000e+00 0.000000000000000000e+00 7.687183751338545335e+03 9.997573453362451623e-01
0.000000000000000000e+00 0.000000000000000000e+00 0.000000000000000000e+00 7.703099245647734278e+03 9.997436037906195505e-01
0.000000000000000000e+00 0.000000000000000000e+00 0.000000000000000000e+00 7.719014739956924132e+03 9.997312531795623514e-01
0.000000000000000000e+00 0.000000000000000000e+00 0.000000000000000000e+00 7.734930234266113985e+03 9.997205634715125022e-01
0.000000000000000000e+00 0.000000000000000000e+00 0.000000000000000000e+00 7.750845728575302928e+03 9.997117920943009439e-01
0.000000000000000000e+00 0.000000000000000000e+00 0.000000000000000000e+00 7.766761222884492781e+03 9.997051778439081104e-01
0.000000000000000000e+00 0.000000000000000000e+00 0.000000000000000000e+00 7.782676717193682634e+03 9.997009346839744737e-01
0.000000000000000000e+00 0.000000000000000000e+00 0.000000000000000000e+00 7.798592211502871578e+03 9.996992455239726016e-01
0.000000000000000000e+00 0.000000000000000000e+00 0.000000000000000000e+00 7.814507705812061431e+03 9.997002560667802573e-01
0.000000000000000000e+00 0.000000000000000000e+00 0.000000000000000000e+00 7.830423200121250375e+03 9.997040688180689472e-01
0.000000000000000000e+00 0.000000000000000000e+00 0.000000000000000000e+00 7.846338694430440228e+03 9.997107373504170447e-01
0.000000000000000000e+00 0.000000000000000000e+00 0.000000000000000000e+00 7.862254188739630081e+03 9.997202609143600593e-01
0.000000000000000000e+00 0.000000000000000000e+00 0.000000000000000000e+00 7.878169683048819024e+03 9.997325794867162330e-01
0.000000000000000000e+00 0.000000000000000000e+00 0.000000000000000000e+00 7.894085177358008877e+03 9.997475693434609845e-01
0.000000000000000000e+00 0.000000000000000000e+00 0.000000000000000000e+00 7.910000671667198731e+03 9.997650392402266384e-01
0.000000000000000000e+00 0.000000000000000000e+00 0.000000000000000000e+00 7.925916165976387674e+03 9.997847272781855699e-01
0.000000000000000000e+00 0.000000000000000000e+00 0.000000000000000000e+00 7.941831660285577527e+03 9.998062985266880087e-01
0.000000000000000000e+00 0.000000000000000000e+00 0.000000000000000000e+00 7.957747154594767380e+03 9.998293434666276625e-01
0.000000000000000000e+00 0.000000000000000000e+00 0.000000000000000000e+00 7.973662648903956324e+03 9.998533773101592192e-01
0.000000000000000000e+00 0.000000000000000000e+00 0.000000000000000000e+00 7.989578143213146177e+03 9.998778402431605095e-01
0.000000000000000000e+00 0.000000000000000000e+00 0.000000000000000000e+00 8.005493637522336030e+03 9.999020986268117861e-01
0.000000000000000000e+00 0.000000000000000000e+00 0.000000000000000000e+00 8.021409131831524974e+03 9.999254471839220670e-01
0.000000000000000000e+00 0.000000000000000000e+00 0.000000000000000000e+00 8.037324626140714827e+03 9.999471121842957722e-01
0.000000000000000000e+00 0.000000000000000000e+00 0.000000000000000000e+00 8.053240120449904680e+03 9.999662556315827011e-01
0.000000000000000000e+00 0.000000000000000000e+00 0.000000000000000000e+00 8.069155614759093623e+03 9.999819804418238478e-01
0.000000000000000000e+00 0.000000000000000000e+00 0.000000000000000000e+00 8.085071109068283477e+03 9.999933365914173145e-01
0.000000000000000000e+00 0.000000000000000000e+00 0.000000000000000000e+00 8.100986603377473330e+03 9.999993281996161221e-01
0.000000000000000000e+00 0.000000000000000000e+00 0.000000000000000000e+00 8.116902097686662273e+03 9.999989214980762320e-01
0.000000000000000000e+00 0.000000000000000000e+00 0.000000000000000000e+00 8.132817591995852126e+03 9.999910536275625761e-01
0.000000000000000000e+00 0.000000000000000000e+00 0.000000000000000000e+00 8.148733086305041070e+03 9.999746421898332294e-01
0.000000000000000000e+00 0.000000000000000000e+00 0.000000000000000000e+00 8.164648580614230923e+03 9.999485954711466729e-01
0.000000000000000000e+00 0.000000000000000000e+00 0.000000000000000000e+00 8.180564074923420776e+03 9.999118232429191622e-01
0.000000000000000000e+00 0.000000000000000000e+00 0.000000000000000000e+00 8.196479569232609720e+03 9.998632480349962659e-01
0.000000000000000000e+00 0.000000000000000000e+00 0.000000000000000000e+00 8.212395063541800482e+03 9.998018167679305623e-01
0.000000000000000000e+00 0.000000000000000000e+00 0.000000000000000000e+00 8.228310557850989426e+03 9.997265126227834475e-01
0.000000000000000000e+00 0.000000000000000000e+00 0.000000000000000000e+00 8.244226052160178369e+03 9.996363670204004848e-01
0.000000000000000000e+00 0.000000000000000000e+00 0.000000000000000000e+00 8.260141546469369132e+03 9.995304715770403359e-01
0.000000000000000000e+00 0.000000000000000000e+00 0.000000000000000000e+00 8.276057040778558076e+03 9.994079898997552114e-01
0.000000000000000000e+00 0.000000000000000000e+00 0.000000000000000000e+00 8.291972535087747019e+03 9.992681690831588526e-01
0.000000000000000000e+00 0.000000000000000000e+00 0.000000000000000000e+00 8.307888029396935963e+03 9.991103507692544738e-01
0.000000000000000000e+00 0.000000000000000000e+00 0.000000000000000000e+00 8.323803523706126725e+03 9.989339816338875799e-01
0.000000000000000000e+00 0.000000000000000000e+00 0.000000000000000000e+00 8.339719018015315669e+03 9.987386231671585568e-01
0.000000000000000000e+00 0.000000000000000000e+00 0.000000000000000000e+00 8.355634512324504612e+03 9.985239606207926277e-01
0.000000000000000000e+00 0.000000000000000000e+00 0.000000000000000000e+00 8.371550006633695375e+03 9.982898110029558847e-01
0.000000000000000000e+00 0.000000000000000000e+00 0.000000000000000000e+00 8.387465500942884319e+03 9.980361300102698063e-01
0.000000000000000000e+00 0.000000000000000000e+00 0.000000000000000000e+00 8.403380995252073262e+03 9.977630177977023784e-01
0.000000000000000000e+00 0.000000000000000000e+00 0.000000000000000000e+00 8.419296489561264025e+03 9.974707234994459881e-01
0.000000000000000000e+00 0.000000000000000000e+00 0.000000000000000000e+00 8.435211983870452968e+03 9.971596484276797900e-01
0.000000000000000000e+00 0.000000000000000000e+00 0.000000000000000000e+00 8.451127478179641912e+03 9.968303478910275350e-01
0.000000000000000000e+00 0.000000000000000000e+00 0.000000000000000000e+00 8.467042972488832675e+03 9.964835315903597390e-01
0.000000000000000000e+00 0.000000000000000000e+00 0.000000000000000000e+00 8.482958466798021618e+03 9.961200625660814323e-01
0.000000000000000000e+00 0.000000000000000000e+00 0.000000000000000000e+00 8.498873961107210562e+03 9.957409546879532058e-01
0.000000000000000000e+00 0.000000000000000000e+00 0.000000000000000000e+00 8.514789455416401324e+03 9.953473686955285338e-01
0.000000000000000000e+00 0.000000000000000000e+00 0.000000000000000000e+00 8.530704949725590268e+03 9.949406068141900539e-01
0.000000000000000000e+00 0.000000000000000000e+00 0.000000000000000000e+00 8.546620444034779212e+03 9.945221059882700665e-01
0.000000000000000000e+00 0.000000000000000000e+00 0.000000000000000000e+00 8.562535938343969974e+03 9.940934297885755111e-01
0.000000000000000000e+00 0.000000000000000000e+00 0.000000000000000000e+00 8.578451432653158918e+03 9.936562590665851680e-01
0.000000000000000000e+00 0.000000000000000000e+00 0.000000000000000000e+00 8.594366926962347861e+03 9.932123814414175467e-01
0.000000000000000000e+00 0.000000000000000000e+00 0.000000000000000000e+00 8.610282421271538624e+03 9.927636797181869088e-01
0.000000000000000000e+00 0.000000000000000000e+00 0.000000000000000000e+00 8.626197915580727567e+03 9.923121193474424562e-01
0.000000000000000000e+00 0.000000000000000000e+00 0.000000000000000000e+00 8.642113409889916511e+03 9.918597350448514760e-01
0.000000000000000000e+00 0.000000000000000000e+00 0.000000000000000000e+00 8.658028904199107274e+03 9.914086166980973225e-01
0.000000000000000000e+00 0.000000000000000000e+00 0.000000000000000000e+00 8.673944398508296217e+03 9.909608946940324792e-01
0.000000000000000000e+00 0.000000000000000000e+00 0.000000000000000000e+00 8.689859892817485161e+03 9.905187248034481584e-01
0.000000000000000000e+00 0.000000000000000000e+00 0.000000000000000000e+00 8.705775387126675923e+03 9.900842727634204810e-01
0.000000000000000000e+00 0.000000000000000000e+00 0.000000000000000000e+00 8.721690881435864867e+03 9.896596986980950028e-01
0.000000000000000000e+00 0.000000000000000000e+00 0.000000000000000000e+00 8.737606375745053811e+03 9.892471415180776884e-01
0.000000000000000000e+00 0.000000000000000000e+00 0.000000000000000000e+00 8.753521870054244573e+03 9.888487034363959705e-01
0.000000000000000000e+00 0.000000000000000000e+00 0.000000000000000000e+00 8.769437364363433517e+03 9.884664347353998570e-01
0.000000000000000000e+00 0.000000000000000000e+00 0.000000000000000000e+00 8.785352858672622460e+03 9.881023189141375784e-01
0.000000000000000000e+00 0.000000000000000000e+00 0.000000000000000000e+00 8.801268352981813223e+03 9.877582583397978011e-01
0.000000000000000000e+00 0.000000000000000000e+00 0.000000000000000000e+00 8.817183847291002166e+03 9.874360605199141716e-01
0.000000000000000000e+00 0.000000000000000000e+00 0.000000000000000000e+00 8.833099341600191110e+03 9.871374251043405490e-01
0.000000000000000000e+00 0.000000000000000000e+00 0.000000000000000000e+00 8.849014835909381873e+03 9.868639317176557402e-01
0.000000000000000000e+00 0.000000000000000000e+00 0.000000000000000000e+00 8.864930330218570816e+03 9.866170287138102957e-01
0.000000000000000000e+00 0.000000000000000000e+00 0.000000000000000000e+00 8.880845824527759760e+03 9.863980229355869822e-01
0.000000000000000000e+00 0.000000000000000000e+00 0.000000000000000000e+00 8.896761318836950522e+03 9.862080705519571389e-01
0.000000000000000000e+00 0.000000000000000000e+00 0.000000000000000000e+00 8.912676813146139466e+03 9.860481690367501884e-01
0.000000000000000000e+00 0.000000000000000000e+00 0.000000000000000000e+00 8.928592307455328410e+03 9.859191503423202496e-01
0.000000000000000000e+00 0.000000000000000000e+00 0.000000000000000000e+00 8.944507801764517353e+03 9.858216753121487042e-01
0.000000000000000000e+00 0.000000000000000000e+00 0.000000000000000000e+00 8.960423296073708116e+03 9.857562293666213282e-01
0.000000000000000000e+00 0.000000000000000000e+00 0.000000000000000000e+00 8.976338790382897059e+03 9.857231194865994084e-01
0.000000000000000000e+00 0.000000000000000000e+00 0.000000000000000000e+00 8.992254284692086003e+03 9.857224725098969742e-01
0.000000000000000000e+00 0.000000000000000000e+00 0.000000000000000000e+00 9.008169779001276765e+03 9.857542347463796872e-01
0.000000000000000000e+00 0.000000000000000000e+00 0.000000000000000000e+00 9.024085273310465709e+03 9.858181729081456623e-01
0.000000000000000000e+00 0.000000000000000000e+00 0.000000000000000000e+00 9.040000767619654653e+03 9.859138763421049223e-01
0.000000000000000000e+00 0.000000000000000000e+00 0.000000000000000000e+00 9.055916261928845415e+03 9.860407605432697231e-01
0.000000000000000000e+00 0.000000000000000000e+00 0.000000000000000000e+00 9.071831756238034359e+03 9.861980719181755450e-01
0.000000000000000000e+00 0.000000000000000000e+00 0.000000000000000000e+00 9.087747250547223302e+03 9.863848937590959931e-01
0.000000000000000000e+00 0.000000000000000000e+00 0.000000000000000000e+00 9.103662744856414065e+03 9.866001533810919710e-01
0.000000000000000000e+00 0.000000000000000000e+00 0.000000000000000000e+00 9.119578239165603009e+03 9.868426303654578291e-01
0.000000000000000000e+00 0.000000000000000000e+00 0.000000000000000000e+00 9.135493733474791952e+03 9.871109658448461444e-01
0.000000000000000000e+00 0.000000000000000000e+00 0.000000000000000000e+00 9.151409227783982715e+03 9.874036727572774730e-01
0.000000000000000000e+00 0.000000000000000000e+00 0.000000000000000000e+00 9.167324722093171658e+03 9.877191469884529784e-01
0.000000000000000000e+00 0.000000000000000000e+00 0.000000000000000000e+00 9.183240216402360602e+03 9.880556793143315808e-01
0.000000000000000000e+00 0.000000000000000000e+00 0.000000000000000000e+00 9.199155710711551365e+03 9.884114680488989002e-01
0.000000000000000000e+00 0.000000000000000000e+00 0.000000000000000000e+00 9.215071205020740308e+03 9.887846322955270439e-01
0.000000000000000000e+00 0.000000000000000000e+00 0.000000000000000000e+00 9.230986699329929252e+03 9.891732256944010260e-01
0.000000000000000000e+00 0.000000000000000000e+00 0.000000000000000000e+00 9.246902193639120014e+03 9.895752505532746657e-01
0.000000000000000000e+00 0.000000000000000000e+00 0.000000000000000000e+00 9.262817687948308958e+03 9.899886722444222187e-01
0.000000000000000000e+00 0.000000000000000000e+00 0.000000000000000000e+00 9.278733182257497901e+03 9.904114337471892071e-01
0.000000000000000000e+00 0.000000000000000000e+00 0.000000000000000000e+00 9.294648676566688664e+03 9.908414702131054241e-01
0.000000000000000000e+00 0.000000000000000000e+00 0.000000000000000000e+00 9.310564170875877608e+03 9.912767234292311214e-01
0.000000000000000000e+00 0.000000000000000000e+00 0.000000000000000000e+00 9.326479665185066551e+03 9.917151560553139067e-01
0.000000000000000000e+00 0.000000000000000000e+00 0.000000000000000000e+00 9.342395159494257314e+03 9.921547655115556807e-01
0.000000000000000000e+00 0.000000000000000000e+00 0.000000000000000000e+00 9.358310653803446257e+03 9.925935973963384562e-01
0.000000000000000000e+00 0.000000000000000000e+00 0.000000000000000000e+00 9.374226148112635201e+03 9.930297583172000842e-01
0.000000000000000000e+00 0.000000000000000000e+00 0.000000000000000000e+00 9.390141642421825964e+03 9.934614280236753192e-01
0.000000000000000000e+00 0.000000000000000000e+00 0.000000000000000000e+00 9.406057136731014907e+03 9.938868707373191835e-01
0.000000000000000000e+00 0.000000000000000000e+00 0.000000000000000000e+00 9.421972631040203851e+03 9.943044455822556138e-01
0.000000000000000000e+00 0.000000000000000000e+00 0.000000000000000000e+00 9.437888125349394613e+03 9.947126160288795038e-01
0.000000000000000000e+00 0.000000000000000000e+00 0.000000000000000000e+00 9.453803619658583557e+03 9.951099582737812366e-01
0.000000000000000000e+00 0.000000000000000000e+00 0.000000000000000000e+00 9.469719113967772500e+03 9.954951684904402853e-01
0.000000000000000000e+00 0.000000000000000000e+00 0.000000000000000000e+00 9.485634608276963263e+03 9.958670688975916896e-01
0.000000000000000000e+00 0.000000000000000000e+00 0.000000000000000000e+00 9.501550102586152207e+03 9.962246126052498596e-01
0.000000000000000000e+00 0.000000000000000000e+00 0.000000000000000000e+00 9.517465596895341150e+03 9.965668872119746169e-01
0.000000000000000000e+00 0.000000000000000000e+00 0.000000000000000000e+00 9.533381091204530094e+03 9.968931171409017855e-01
0.000000000000000000e+00 0.000000000000000000e+00 0.000000000000000000e+00 9.549296585513720856e+03 9.972026647161145174e-01
0.000000000000000000e+00 0.000000000000000000e+00 0.000000000000000000e+00 9.565212079822909800e+03 9.974950299948939225e-01
0.000000000000000000e+00 0.000000000000000000e+00 0.000000000000000000e+00 9.581127574132098744e+03 9.977698493850464256e-01
0.000000000000000000e+00 0.000000000000000000e+00 0.000000000000000000e+00 9.597043068441289506e+03 9.980268930896545321e-01
0.000000000000000000e+00 0.000000000000000000e+00 0.000000000000000000e+00 9.612958562750478450e+03 9.982660614340391758e-01
0.000000000000000000e+00 0.000000000000000000e+00 0.000000000000000000e+00 9.628874057059667393e+03 9.984873801412801342e-01
0.000000000000000000e+00 0.000000000000000000e+00 0.000000000000000000e+00 9.644789551368858156e+03 9.986909946331455901e-01
0.000000000000000000e+00 0.000000000000000000e+00 0.000000000000000000e+00 9.660705045678047099e+03 9.988771634426012458e-01
0.000000000000000000e+00 0.000000000000000000e+00 0.000000000000000000e+00 9.676620539987236043e+03 9.990462508320789858e-01
0.000000000000000000e+00 0.000000000000000000e+00 0.000000000000000000e+00 9.692536034296426806e+03 9.991987187182969077e-01
0.000000000000000000e+00 0.000000000000000000e+00 0.000000000000000000e+00 9.708451528605615749e+03 9.993351180095766395e-01
0.000000000000000000e+00 0.000000000000000000e+00 0.000000000000000000e+00 9.724367022914804693e+03 9.994560794652603830e-01
0.000000000000000000e+00 0.000000000000000000e+00 0.000000000000000000e+00 9.740282517223995455e+03 9.995623041889742932e-01
0.000000000000000000e+00 0.000000000000000000e+00 0.000000000000000000e+00 9.756198011533184399e+03 9.996545538681557153e-01
0.000000000000000000e+00 0.000000000000000000e+00 0.000000000000000000e+00 9.772113505842373343e+03 9.997336408714645462e-01
0.000000000000000000e+00 0.000000000000000000e+00 0.000000000000000000e+00 9.788029000151564105e+03 9.998004183135387191e-01
0.000000000000000000e+00 0.000000000000000000e+00 0.000000000000000000e+00 9.803944494460753049e+03 9.998557701930733677e-01
0.000000000000000000e+00 0.000000000000000000e+00 0.000000000000000000e+00 9.819859988769941992e+03 9.999006017055404039e-01
0.000000000000000000e+00 0.000000000000000000e+00 0.000000000000000000e+00 9.835775483079132755e+03 9.999358298260965228e-01
0.000000000000000000e+00 0.000000000000000000e+00 0.000000000000000000e+00 9.851690977388321699e+03 9.999623742515142411e-01
0.000000000000000000e+00 0.000000000000000000e+00 0.000000000000000000e+00 9.867606471697510642e+03 9.999811487824099565e-01
0.000000000000000000e+00 0.000000000000000000e+00 0.000000000000000000e+00 9.883521966006701405e+03 9.999930532188042731e-01
0.000000000000000000e+00 0.000000000000000000e+00 0.000000000000000000e+00 9.899437460315890348e+03 9.999989658332393283e-01
0.000000000000000000e+00 0.000000000000000000e+00 0.000000000000000000e+00 9.915352954625079292e+03 9.999997364764678931e-01
0.000000000000000000e+00 0.000000000000000000e+00 0.000000000000000000e+00 9.931268448934270054e+03 9.999961803612236189e-01
0.000000000000000000e+00 0.000000000000000000e+00 0.000000000000000000e+00 9.947183943243458998e+03 9.999890725599347441e-01
0.000000000000000000e+00 0.000000000000000000e+00 0.000000000000000000e+00 9.963099437552647942e+03 9.999791432425688686e-01
0.000000000000000000e+00 0.000000000000000000e+00 0.000000000000000000e+00 9.979014931861838704e+03 9.999670736712129582e-01
0.000000000000000000e+00 0.000000000000000000e+00 0.000000000000000000e+00 9.994930426171027648e+03 9.999534929586118004e-01
