# Tone frequency (Hz)	Measured Fidelity	Simulated Fidelity	Frequency (Hz)	Analytic Fidelity
0.000000000000000000e+00 9.885850000000000470e-01 9.999993184585530548e-01 1.591549430918953456e-01 9.999999313605915097e-01
1.500000000000000000e+02 9.404506099999999646e-01 9.433315186761703774e-01 1.591549430918953334e+01 9.993144285666312188e-01
3.000000000000000000e+02 8.111205099999999613e-01 8.165310460483705679e-01 3.183098861837906668e+01 9.972675497611824813e-01
4.500000000000000000e+02 6.960264999999999924e-01 6.989248286648110930e-01 4.774648292756860002e+01 9.938885922689436603e-01
6.000000000000000000e+02 6.376988900000000182e-01 6.370895646078114094e-01 6.366197723675813336e+01 9.892253574447571474e-01
7.500000000000000000e+02 6.462513199999999625e-01 6.395984735397622911e-01 7.957747154594767380e+01 9.833428938328452329e-01
9.000000000000000000e+02 7.021308499999999730e-01 6.984991048587083640e-01 9.549296585513720004e+01 9.763217268719388553e-01
1.050000000000000000e+03 8.265235399999999455e-01 7.937569396078105743e-01 1.114084601643267405e+02 9.682557223820680292e-01
1.200000000000000000e+03 8.968223300000000009e-01 8.915913473627246066e-01 1.273239544735162667e+02 9.592496758747568464e-01
1.350000000000000000e+03 9.539923700000000339e-01 9.603808107133604555e-01 1.432394487827058072e+02 9.494167275160572128e-01
1.500000000000000000e+03 9.842766499999999752e-01 9.918071369684543503e-01 1.591549430918953476e+02 9.388757045130231571e-01
1.650000000000000000e+03 9.886168199999999517e-01 9.995047203458401475e-01 1.750704374010848881e+02 9.277484890501344061e-01
1.800000000000000000e+03 9.919765000000000388e-01 9.999993183954087872e-01 1.909859317102744001e+02 9.161575013291090031e-01
1.950000000000000000e+03 9.907125799999999538e-01 9.996630615855350843e-01 2.069014260194639405e+02 9.042233747256700482e-01
2.100000000000000000e+03 9.918048999999999893e-01 9.959101288825449316e-01 2.228169203286534810e+02 8.920628847282876528e-01
2.250000000000000000e+03 9.814152099999999823e-01 9.857480820713606651e-01 2.387324146378430214e+02 8.797871764036759856e-01
2.400000000000000000e+03 9.729976099999999573e-01 9.719218336918116208e-01 2.546479089470325334e+02 8.675003178469445908e-01
2.550000000000000000e+03 9.537005400000000410e-01 9.616109091764405425e-01 2.705634032562221023e+02 8.552981905000498486e-01
2.700000000000000000e+03 9.567702999999999625e-01 9.605820520316628031e-01 2.864788975654116143e+02 8.432677122447145290e-01
2.850000000000000000e+03 9.785981799999999842e-01 9.689779117846987200e-01 3.023943918746011263e+02 8.314863764428039872e-01
3.000000000000000000e+03 9.666395800000000538e-01 9.817217832409663725e-01 3.183098861837906952e+02 8.200220800052954173e-01
3.150000000000000000e+03 9.850552700000000383e-01 9.925507406487413808e-01 3.342253804929802072e+02 8.089332062775829169e-01
3.300000000000000000e+03 9.752880299999999725e-01 9.982808621952280470e-01 3.501408748021697761e+02 7.982689239805844661e-01
3.300000000000000000e+03 9.883983100000000022e-01 9.998832451419422673e-01 3.660563691113592881e+02 7.880696614222808538e-01
3.450000000000000000e+03 9.910320599999999924e-01 9.999993192175494761e-01 3.819718634205488001e+02 7.783677153510342173e-01
3.600000000000000000e+03 9.896903000000000228e-01 9.999107216527715059e-01 3.978873577297383690e+02 7.691879557466004824e-01
3.750000000000000000e+03 9.924349199999999982e-01 9.988261660439530232e-01 4.138028520389278810e+02 7.605485910959461915e-01
3.900000000000000000e+03 9.934842600000000079e-01 9.956096279273461969e-01 4.297183463481174499e+02 7.524619628467679178e-01
4.050000000000000000e+03 9.936750500000000041e-01 9.907799080112319468e-01 4.456338406573069619e+02 7.449353423771707394e-01
4.200000000000000000e+03 9.872851400000000055e-01 9.866615028434321255e-01 4.615493349664964740e+02 7.379717086261385894e-01
4.350000000000000000e+03 9.840790600000000055e-01 9.856250506792179067e-01 4.774648292756860428e+02 7.315704892227967715e-01
4.500000000000000000e+03 9.842090599999999689e-01 9.882093583441496909e-01 4.933803235848755548e+02 7.257282523277600594e-01
4.650000000000000000e+03 9.856609100000000012e-01 9.927913542929532875e-01 5.092958178940650669e+02 7.204393403171117649e-01
4.800000000000000000e+03 9.860952499999999787e-01 9.969555087515784564e-01 5.252113122032545789e+02 7.156964398168799146e-01
4.950000000000000000e+03 9.869488499999999886e-01 9.992709536938457759e-01 5.411268065124442046e+02 7.114910854003748675e-01
5.100000000000000000e+03 9.933394199999999730e-01 9.999479323834915556e-01 5.570423008216337166e+02 7.078140964981647354e-01
5.250000000000000000e+03 9.915196899999999536e-01 9.999993179019129874e-01 5.729577951308232286e+02 7.046559487751815620e-01
5.400000000000000000e+03 9.930516499999999525e-01 9.999599010283825029e-01 5.888732894400127407e+02 7.020070824552746558e-01
5.550000000000000000e+03 9.922853700000000554e-01 9.994566785498483208e-01 6.047887837492022527e+02 6.998581508858228162e-01
5.700000000000000000e+03 9.904766699999999480e-01 9.979076877474233331e-01 6.207042780583918784e+02 6.982002131043615334e-01
5.850000000000000000e+03 9.816547599999999596e-01 9.982808621952280470e-01 6.366197723675813904e+02 6.970248743665096169e-01
0.000000000000000000e+00 0.000000000000000000e+00 0.000000000000000000e+00 6.525352666767709024e+02 6.963243785877175629e-01
0.000000000000000000e+00 0.000000000000000000e+00 0.000000000000000000e+00 6.684507609859604145e+02 6.960916565031181058e-01
0.000000000000000000e+00 0.000000000000000000e+00 0.000000000000000000e+00 6.843662552951499265e+02 6.963203331160876530e-01
0.000000000000000000e+00 0.000000000000000000e+00 0.000000000000000000e+00 7.002817496043395522e+02 6.970046977359528606e-01
0.000000000000000000e+00 0.000000000000000000e+00 0.000000000000000000e+00 7.161972439135290642e+02 6.981396396402037574e-01
0.000000000000000000e+00 0.000000000000000000e+00 0.000000000000000000e+00 7.321127382227185763e+02 6.997205521711309384e-01
0.000000000000000000e+00 0.000000000000000000e+00 0.000000000000000000e+00 7.480282325319080883e+02 7.017432079185973448e-01
0.000000000000000000e+00 0.000000000000000000e+00 0.000000000000000000e+00 7.639437268410976003e+02 7.042036075706669118e-01
0.000000000000000000e+00 0.000000000000000000e+00 0.000000000000000000e+00 7.798592211502872260e+02 7.070978050464878928e-01
0.000000000000000000e+00 0.000000000000000000e+00 0.000000000000000000e+00 7.957747154594767380e+02 7.104217116690860756e-01
0.000000000000000000e+00 0.000000000000000000e+00 0.000000000000000000e+00 8.116902097686662501e+02 7.141708823908343717e-01
0.000000000000000000e+00 0.000000000000000000e+00 0.000000000000000000e+00 8.276057040778557621e+02 7.183402874457189835e-01
0.000000000000000000e+00 0.000000000000000000e+00 0.000000000000000000e+00 8.435211983870452741e+02 7.229240732573645190e-01
0.000000000000000000e+00 0.000000000000000000e+00 0.000000000000000000e+00 8.594366926962348998e+02 7.279153169601114692e-01
0.000000000000000000e+00 0.000000000000000000e+00 0.000000000000000000e+00 8.753521870054244118e+02 7.333057794649409100e-01
0.000000000000000000e+00 0.000000000000000000e+00 0.000000000000000000e+00 8.912676813146139239e+02 7.390856625884913989e-01
0.000000000000000000e+00 0.000000000000000000e+00 0.000000000000000000e+00 9.071831756238034359e+02 7.452433763213921480e-01
0.000000000000000000e+00 0.000000000000000000e+00 0.000000000000000000e+00 9.230986699329929479e+02 7.517653227963149165e-01
0.000000000000000000e+00 0.000000000000000000e+00 0.000000000000000000e+00 9.390141642421825736e+02 7.586357038781209594e-01
0.000000000000000000e+00 0.000000000000000000e+00 0.000000000000000000e+00 9.549296585513720856e+02 7.658363594892376724e-01
0.000000000000000000e+00 0.000000000000000000e+00 0.000000000000000000e+00 9.708451528605615977e+02 7.733466437562622753e-01
0.000000000000000000e+00 0.000000000000000000e+00 0.000000000000000000e+00 9.867606471697511097e+02 7.811433457777884337e-01
0.000000000000000000e+00 0.000000000000000000e+00 0.000000000000000000e+00 1.002676141478940622e+03 7.892006612369653062e-01
0.000000000000000000e+00 0.000000000000000000e+00 0.000000000000000000e+00 1.018591635788130134e+03 7.974902201964597648e-01
0.000000000000000000e+00 0.000000000000000000e+00 0.000000000000000000e+00 1.034507130097319759e+03 8.059811752155005005e-01
0.000000000000000000e+00 0.000000000000000000e+00 0.000000000000000000e+00 1.050422624406509158e+03 8.146403524340575242e-01
0.000000000000000000e+00 0.000000000000000000e+00 0.000000000000000000e+00 1.066338118715698783e+03 8.234324665133048171e-01
0.000000000000000000e+00 0.000000000000000000e+00 0.000000000000000000e+00 1.082253613024888409e+03 8.323203983594874567e-01
0.000000000000000000e+00 0.000000000000000000e+00 0.000000000000000000e+00 1.098169107334077808e+03 8.412655324637026144e-01
0.000000000000000000e+00 0.000000000000000000e+00 0.000000000000000000e+00 1.114084601643267433e+03 8.502281485517204640e-01
0.000000000000000000e+00 0.000000000000000000e+00 0.000000000000000000e+00 1.130000095952456832e+03 8.591678601554091355e-01
0.000000000000000000e+00 0.000000000000000000e+00 0.000000000000000000e+00 1.145915590261646457e+03 8.680440907950729423e-01
0.000000000000000000e+00 0.000000000000000000e+00 0.000000000000000000e+00 1.161831084570836083e+03 8.768165768028395313e-01
0.000000000000000000e+00 0.000000000000000000e+00 0.000000000000000000e+00 1.177746578880025481e+03 8.854458845150925406e-01
0.000000000000000000e+00 0.000000000000000000e+00 0.000000000000000000e+00 1.193662073189215107e+03 8.938939286952579666e-01
0.000000000000000000e+00 0.000000000000000000e+00 0.000000000000000000e+00 1.209577567498404505e+03 9.021244786739053279e-01
0.000000000000000000e+00 0.000000000000000000e+00 0.000000000000000000e+00 1.225493061807594131e+03 9.101036388419248002e-01
0.000000000000000000e+00 0.000000000000000000e+00 0.000000000000000000e+00 1.241408556116783757e+03 9.178002908065630017e-01
0.000000000000000000e+00 0.000000000000000000e+00 0.000000000000000000e+00 1.257324050425973155e+03 9.251864856920177793e-01
0.000000000000000000e+00 0.000000000000000000e+00 0.000000000000000000e+00 1.273239544735162781e+03 9.322377766810595601e-01
0.000000000000000000e+00 0.000000000000000000e+00 0.000000000000000000e+00 1.289155039044352179e+03 9.389334838726081101e-01
0.000000000000000000e+00 0.000000000000000000e+00 0.000000000000000000e+00 1.305070533353541805e+03 9.452568857745542452e-01
0.000000000000000000e+00 0.000000000000000000e+00 0.000000000000000000e+00 1.320986027662731431e+03 9.511953341515402283e-01
0.000000000000000000e+00 0.000000000000000000e+00 0.000000000000000000e+00 1.336901521971920829e+03 9.567402913894329508e-01
0.000000000000000000e+00 0.000000000000000000e+00 0.000000000000000000e+00 1.352817016281110455e+03 9.618872919100429630e-01
0.000000000000000000e+00 0.000000000000000000e+00 0.000000000000000000e+00 1.368732510590299853e+03 9.666358313689733528e-01
0.000000000000000000e+00 0.000000000000000000e+00 0.000000000000000000e+00 1.384648004899489479e+03 9.709891893092708059e-01
0.000000000000000000e+00 0.000000000000000000e+00 0.000000000000000000e+00 1.400563499208679104e+03 9.749541925562397182e-01
0.000000000000000000e+00 0.000000000000000000e+00 0.000000000000000000e+00 1.416478993517868503e+03 9.785409278788520515e-01
0.000000000000000000e+00 0.000000000000000000e+00 0.000000000000000000e+00 1.432394487827058128e+03 9.817624132880808929e-01
0.000000000000000000e+00 0.000000000000000000e+00 0.000000000000000000e+00 1.448309982136247527e+03 9.846342377916881272e-01
0.000000000000000000e+00 0.000000000000000000e+00 0.000000000000000000e+00 1.464225476445437153e+03 9.871741794979644880e-01
0.000000000000000000e+00 0.000000000000000000e+00 0.000000000000000000e+00 1.480140970754626778e+03 9.894018116936625917e-01
0.000000000000000000e+00 0.000000000000000000e+00 0.000000000000000000e+00 1.496056465063816177e+03 9.913381059625880898e-01
0.000000000000000000e+00 0.000000000000000000e+00 0.000000000000000000e+00 1.511971959373005802e+03 9.930050406179935507e-01
0.000000000000000000e+00 0.000000000000000000e+00 0.000000000000000000e+00 1.527887453682195201e+03 9.944252217551455830e-01
0.000000000000000000e+00 0.000000000000000000e+00 0.000000000000000000e+00 1.543802947991384826e+03 9.956215231513658726e-01
0.000000000000000000e+00 0.000000000000000000e+00 0.000000000000000000e+00 1.559718442300574452e+03 9.966167501074373325e-01
0.000000000000000000e+00 0.000000000000000000e+00 0.000000000000000000e+00 1.575633936609763850e+03 9.974333311885392739e-01
0.000000000000000000e+00 0.000000000000000000e+00 0.000000000000000000e+00 1.591549430918953476e+03 9.980930407290717898e-01
0.000000000000000000e+00 0.000000000000000000e+00 0.000000000000000000e+00 1.607464925228142874e+03 9.986167539491785927e-01
0.000000000000000000e+00 0.000000000000000000e+00 0.000000000000000000e+00 1.623380419537332500e+03 9.990242356174827698e-01
0.000000000000000000e+00 0.000000000000000000e+00 0.000000000000000000e+00 1.639295913846522126e+03 9.993339624014084821e-01
0.000000000000000000e+00 0.000000000000000000e+00 0.000000000000000000e+00 1.655211408155711524e+03 9.995629783819068859e-01
0.000000000000000000e+00 0.000000000000000000e+00 0.000000000000000000e+00 1.671126902464901150e+03 9.997267826744931085e-01
0.000000000000000000e+00 0.000000000000000000e+00 0.000000000000000000e+00 1.687042396774090548e+03 9.998392476880758606e-01
0.000000000000000000e+00 0.000000000000000000e+00 0.000000000000000000e+00 1.702957891083280174e+03 9.999125662571891615e-01
0.000000000000000000e+00 0.000000000000000000e+00 0.000000000000000000e+00 1.718873385392469800e+03 9.999572256884869947e-01
0.000000000000000000e+00 0.000000000000000000e+00 0.000000000000000000e+00 1.734788879701659198e+03 9.999820066531348584e-01
0.000000000000000000e+00 0.000000000000000000e+00 0.000000000000000000e+00 1.750704374010848824e+03 9.999940048163917794e-01
0.000000000000000000e+00 0.000000000000000000e+00 0.000000000000000000e+00 1.766619868320038222e+03 9.999986731075498625e-01
0.000000000000000000e+00 0.000000000000000000e+00 0.000000000000000000e+00 1.782535362629227848e+03 9.999998825816298620e-01
0.000000000000000000e+00 0.000000000000000000e+00 0.000000000000000000e+00 1.798450856938417473e+03 9.999999998943680524e-01
0.000000000000000000e+00 0.000000000000000000e+00 0.000000000000000000e+00 1.814366351247606872e+03 9.999999794915863660e-01
0.000000000000000000e+00 0.000000000000000000e+00 0.000000000000000000e+00 1.830281845556796497e+03 9.999994686927287102e-01
0.000000000000000000e+00 0.000000000000000000e+00 0.000000000000000000e+00 1.846197339865985896e+03 9.999969239183367220e-01
0.000000000000000000e+00 0.000000000000000000e+00 0.000000000000000000e+00 1.862112834175175522e+03 9.999897363671512718e-01
0.000000000000000000e+00 0.000000000000000000e+00 0.000000000000000000e+00 1.878028328484365147e+03 9.999743654874322374e-01
0.000000000000000000e+00 0.000000000000000000e+00 0.000000000000000000e+00 1.893943822793554546e+03 9.999464786083160917e-01
0.000000000000000000e+00 0.000000000000000000e+00 0.000000000000000000e+00 1.909859317102744171e+03 9.999010951019957627e-01
0.000000000000000000e+00 0.000000000000000000e+00 0.000000000000000000e+00 1.925774811411933570e+03 9.998327334393930510e-01
0.000000000000000000e+00 0.000000000000000000e+00 0.000000000000000000e+00 1.941690305721123195e+03 9.997355594854157035e-01
0.000000000000000000e+00 0.000000000000000000e+00 0.000000000000000000e+00 1.957605800030312594e+03 9.996035343605242929e-01
0.000000000000000000e+00 0.000000000000000000e+00 0.000000000000000000e+00 1.973521294339502219e+03 9.994305601795290261e-01
0.000000000000000000e+00 0.000000000000000000e+00 0.000000000000000000e+00 1.989436788648691845e+03 9.992106219728181804e-01
0.000000000000000000e+00 0.000000000000000000e+00 0.000000000000000000e+00 2.005352282957881243e+03 9.989379241059805903e-01
0.000000000000000000e+00 0.000000000000000000e+00 0.000000000000000000e+00 2.021267777267070869e+03 9.986070195467948718e-01
0.000000000000000000e+00 0.000000000000000000e+00 0.000000000000000000e+00 2.037183271576260267e+03 9.982129303886239091e-01
0.000000000000000000e+00 0.000000000000000000e+00 0.000000000000000000e+00 2.053098765885450121e+03 9.977512581299532446e-01
0.000000000000000000e+00 0.000000000000000000e+00 0.000000000000000000e+00 2.069014260194639519e+03 9.972182823331596779e-01
0.000000000000000000e+00 0.000000000000000000e+00 0.000000000000000000e+00 2.084929754503828917e+03 9.966110464419990489e-01
0.000000000000000000e+00 0.000000000000000000e+00 0.000000000000000000e+00 2.100845248813018316e+03 9.959274297253658537e-01
0.000000000000000000e+00 0.000000000000000000e+00 0.000000000000000000e+00 2.116760743122208169e+03 9.951662045315592398e-01
0.000000000000000000e+00 0.000000000000000000e+00 0.000000000000000000e+00 2.132676237431397567e+03 9.943270782779176642e-01
0.000000000000000000e+00 0.000000000000000000e+00 0.000000000000000000e+00 2.148591731740586965e+03 9.934107198592434518e-01
0.000000000000000000e+00 0.000000000000000000e+00 0.000000000000000000e+00 2.164507226049776818e+03 9.924187704278356614e-01
0.000000000000000000e+00 0.000000000000000000e+00 0.000000000000000000e+00 2.180422720358966217e+03 9.913538387703503263e-01
0.000000000000000000e+00 0.000000000000000000e+00 0.000000000000000000e+00 2.196338214668155615e+03 9.902194817739748967e-01
0.000000000000000000e+00 0.000000000000000000e+00 0.000000000000000000e+00 2.212253708977345468e+03 9.890201707284393962e-01
0.000000000000000000e+00 0.000000000000000000e+00 0.000000000000000000e+00 2.228169203286534866e+03 9.877612444435973638e-01
0.000000000000000000e+00 0.000000000000000000e+00 0.000000000000000000e+00 2.244084697595724265e+03 9.864488503679120779e-01
0.000000000000000000e+00 0.000000000000000000e+00 0.000000000000000000e+00 2.260000191904913663e+03 9.850898750655533442e-01
0.000000000000000000e+00 0.000000000000000000e+00 0.000000000000000000e+00 2.275915686214103516e+03 9.836918655446986737e-01
0.000000000000000000e+00 0.000000000000000000e+00 0.000000000000000000e+00 2.291831180523292915e+03 9.822629430243503545e-01
0.000000000000000000e+00 0.000000000000000000e+00 0.000000000000000000e+00 2.307746674832482313e+03 9.808117107804201762e-01
0.000000000000000000e+00 0.000000000000000000e+00 0.000000000000000000e+00 2.323662169141672166e+03 9.793471577245185244e-01
0.000000000000000000e+00 0.000000000000000000e+00 0.000000000000000000e+00 2.339577663450861564e+03 9.778785593428030998e-01
0.000000000000000000e+00 0.000000000000000000e+00 0.000000000000000000e+00 2.355493157760050963e+03 9.764153775607182784e-01
0.000000000000000000e+00 0.000000000000000000e+00 0.000000000000000000e+00 2.371408652069240816e+03 9.749671610069269301e-01
0.000000000000000000e+00 0.000000000000000000e+00 0.000000000000000000e+00 2.387324146378430214e+03 9.735434470314298094e-01
0.000000000000000000e+00 0.000000000000000000e+00 0.000000000000000000e+00 2.403239640687619612e+03 9.721536666946224425e-01
0.000000000000000000e+00 0.000000000000000000e+00 0.000000000000000000e+00 2.419155134996809011e+03 9.708070537918815912e-01
0.000000000000000000e+00 0.000000000000000000e+00 0.000000000000000000e+00 2.435070629305998864e+03 9.695125588182609278e-01
0.000000000000000000e+00 0.000000000000000000e+00 0.000000000000000000e+00 2.450986123615188262e+03 9.682787686157642293e-01
0.000000000000000000e+00 0.000000000000000000e+00 0.000000000000000000e+00 2.466901617924377661e+03 9.671138322867224302e-01
0.000000000000000000e+00 0.000000000000000000e+00 0.000000000000000000e+00 2.482817112233567514e+03 9.660253938056466705e-01
0.000000000000000000e+00 0.000000000000000000e+00 0.000000000000000000e+00 2.498732606542756912e+03 9.650205316223736673e-01
0.000000000000000000e+00 0.000000000000000000e+00 0.000000000000000000e+00 2.514648100851946310e+03 9.641057054243262758e-01
0.000000000000000000e+00 0.000000000000000000e+00 0.000000000000000000e+00 2.530563595161136163e+03 9.632867101173263613e-01
0.000000000000000000e+00 0.000000000000000000e+00 0.000000000000000000e+00 2.546479089470325562e+03 9.625686369938037945e-01
0.000000000000000000e+00 0.000000000000000000e+00 0.000000000000000000e+00 2.562394583779514960e+03 9.619558419847387132e-01
0.000000000000000000e+00 0.000000000000000000e+00 0.000000000000000000e+00 2.578310078088704358e+03 9.614519208368375036e-01
0.000000000000000000e+00 0.000000000000000000e+00 0.000000000000000000e+00 2.594225572397894211e+03 9.610596910181259389e-01
0.000000000000000000e+00 0.000000000000000000e+00 0.000000000000000000e+00 2.610141066707083610e+03 9.607811801316642475e-01
0.000000000000000000e+00 0.000000000000000000e+00 0.000000000000000000e+00 2.626056561016273008e+03 9.606176206063110623e-01
0.000000000000000000e+00 0.000000000000000000e+00 0.000000000000000000e+00 2.641972055325462861e+03 9.605694504329238548e-01
0.000000000000000000e+00 0.000000000000000000e+00 0.000000000000000000e+00 2.657887549634652260e+03 9.606363197214140559e-01
0.000000000000000000e+00 0.000000000000000000e+00 0.000000000000000000e+00 2.673803043943841658e+03 9.608171028659342472e-01
0.000000000000000000e+00 0.000000000000000000e+00 0.000000000000000000e+00 2.689718538253031056e+03 9.611099161194305296e-01
0.000000000000000000e+00 0.000000000000000000e+00 0.000000000000000000e+00 2.705634032562220909e+03 9.615121403922606280e-01
0.000000000000000000e+00 0.000000000000000000e+00 0.000000000000000000e+00 2.721549526871410308e+03 9.620204491001598246e-01
0.000000000000000000e+00 0.000000000000000000e+00 0.000000000000000000e+00 2.737465021180599706e+03 9.626308408924802995e-01
0.000000000000000000e+00 0.000000000000000000e+00 0.000000000000000000e+00 2.753380515489789559e+03 9.633386770905799645e-01
0.000000000000000000e+00 0.000000000000000000e+00 0.000000000000000000e+00 2.769296009798978957e+03 9.641387236572454000e-01
0.000000000000000000e+00 0.000000000000000000e+00 0.000000000000000000e+00 2.785211504108168356e+03 9.650251975002228644e-01
0.000000000000000000e+00 0.000000000000000000e+00 0.000000000000000000e+00 2.801126998417358209e+03 9.659918168859955578e-01
0.000000000000000000e+00 0.000000000000000000e+00 0.000000000000000000e+00 2.817042492726547607e+03 9.670318557040190610e-01
0.000000000000000000e+00 0.000000000000000000e+00 0.000000000000000000e+00 2.832957987035737005e+03 9.681382012773906975e-01
0.000000000000000000e+00 0.000000000000000000e+00 0.000000000000000000e+00 2.848873481344926404e+03 9.693034153644981554e-01
0.000000000000000000e+00 0.000000000000000000e+00 0.000000000000000000e+00 2.864788975654116257e+03 9.705197979391851915e-01
0.000000000000000000e+00 0.000000000000000000e+00 0.000000000000000000e+00 2.880704469963305655e+03 9.717794532763197601e-01
0.000000000000000000e+00 0.000000000000000000e+00 0.000000000000000000e+00 2.896619964272495054e+03 9.730743578076851419e-01
0.000000000000000000e+00 0.000000000000000000e+00 0.000000000000000000e+00 2.912535458581684907e+03 9.743964291523377064e-01
0.000000000000000000e+00 0.000000000000000000e+00 0.000000000000000000e+00 2.928450952890874305e+03 9.757375956686655805e-01
0.000000000000000000e+00 0.000000000000000000e+00 0.000000000000000000e+00 2.944366447200063703e+03 9.770898658250393165e-01
0.000000000000000000e+00 0.000000000000000000e+00 0.000000000000000000e+00 2.960281941509253556e+03 9.784453966447770323e-01
0.000000000000000000e+00 0.000000000000000000e+00 0.000000000000000000e+00 2.976197435818442955e+03 9.797965604515814775e-01
0.000000000000000000e+00 0.000000000000000000e+00 0.000000000000000000e+00 2.992112930127632353e+03 9.811360091257588234e-01
0.000000000000000000e+00 0.000000000000000000e+00 0.000000000000000000e+00 3.008028424436821751e+03 9.824567350810955446e-01
0.000000000000000000e+00 0.000000000000000000e+00 0.000000000000000000e+00 3.023943918746011605e+03 9.837521281884913371e-01
0.000000000000000000e+00 0.000000000000000000e+00 0.000000000000000000e+00 3.039859413055201003e+03 9.850160279059428925e-01
0.000000000000000000e+00 0.000000000000000000e+00 0.000000000000000000e+00 3.055774907364390401e+03 9.862427699253299984e-01
0.000000000000000000e+00 0.000000000000000000e+00 0.000000000000000000e+00 3.071690401673580254e+03 9.874272267140695725e-01
0.000000000000000000e+00 0.000000000000000000e+00 0.000000000000000000e+00 3.087605895982769653e+03 9.885648414129106776e-01
0.000000000000000000e+00 0.000000000000000000e+00 0.000000000000000000e+00 3.103521390291959051e+03 9.896516546481670673e-01
0.000000000000000000e+00 0.000000000000000000e+00 0.000000000000000000e+00 3.119436884601148904e+03 9.906843239252616229e-01
0.000000000000000000e+00 0.000000000000000000e+00 0.000000000000000000e+00 3.135352378910338302e+03 9.916601353878836678e-01
0.000000000000000000e+00 0.000000000000000000e+00 0.000000000000000000e+00 3.151267873219527701e+03 9.925770078503375338e-01
0.000000000000000000e+00 0.000000000000000000e+00 0.000000000000000000e+00 3.167183367528717099e+03 9.934334891365561582e-01
0.000000000000000000e+00 0.000000000000000000e+00 0.000000000000000000e+00 3.183098861837906952e+03 9.942287448845166242e-01
0.000000000000000000e+00 0.000000000000000000e+00 0.000000000000000000e+00 3.199014356147096350e+03 9.949625400961894517e-01
0.000000000000000000e+00 0.000000000000000000e+00 0.000000000000000000e+00 3.214929850456285749e+03 9.956352138276485242e-01
0.000000000000000000e+00 0.000000000000000000e+00 0.000000000000000000e+00 3.230845344765475602e+03 9.962476475188313252e-01
0.000000000000000000e+00 0.000000000000000000e+00 0.000000000000000000e+00 3.246760839074665000e+03 9.968012275553075341e-01
0.000000000000000000e+00 0.000000000000000000e+00 0.000000000000000000e+00 3.262676333383854399e+03 9.972978027333982975e-01
0.000000000000000000e+00 0.000000000000000000e+00 0.000000000000000000e+00 3.278591827693044252e+03 9.977396373637040794e-01
0.000000000000000000e+00 0.000000000000000000e+00 0.000000000000000000e+00 3.294507322002233650e+03 9.981293607956963632e-01
0.000000000000000000e+00 0.000000000000000000e+00 0.000000000000000000e+00 3.310422816311423048e+03 9.984699141771828934e-01
0.000000000000000000e+00 0.000000000000000000e+00 0.000000000000000000e+00 3.326338310620612447e+03 9.987644952773552243e-01
0.000000000000000000e+00 0.000000000000000000e+00 0.000000000000000000e+00 3.342253804929802300e+03 9.990165022014214635e-01
0.000000000000000000e+00 0.000000000000000000e+00 0.000000000000000000e+00 3.358169299238991698e+03 9.992294768095617563e-01
0.000000000000000000e+00 0.000000000000000000e+00 0.000000000000000000e+00 3.374084793548181096e+03 9.994070486244895912e-01
0.000000000000000000e+00 0.000000000000000000e+00 0.000000000000000000e+00 3.390000287857370949e+03 9.995528799718865764e-01
0.000000000000000000e+00 0.000000000000000000e+00 0.000000000000000000e+00 3.405915782166560348e+03 9.996706130481642916e-01
0.000000000000000000e+00 0.000000000000000000e+00 0.000000000000000000e+00 3.421831276475749746e+03 9.997638195522660087e-01
0.000000000000000000e+00 0.000000000000000000e+00 0.000000000000000000e+00 3.437746770784939599e+03 9.998359534543894700e-01
0.000000000000000000e+00 0.000000000000000000e+00 0.000000000000000000e+00 3.453662265094128998e+03 9.998903074063849594e-01
0.000000000000000000e+00 0.000000000000000000e+00 0.000000000000000000e+00 3.469577759403318396e+03 9.999299732278126296e-01
0.000000000000000000e+00 0.000000000000000000e+00 0.000000000000000000e+00 3.485493253712507794e+03 9.999578068297025890e-01
0.000000000000000000e+00 0.000000000000000000e+00 0.000000000000000000e+00 3.501408748021697647e+03 9.999763978662536967e-01
0.000000000000000000e+00 0.000000000000000000e+00 0.000000000000000000e+00 3.517324242330887046e+03 9.999880443340617431e-01
0.000000000000000000e+00 0.000000000000000000e+00 0.000000000000000000e+00 3.533239736640076444e+03 9.999947322698508057e-01
0.000000000000000000e+00 0.000000000000000000e+00 0.000000000000000000e+00 3.549155230949266297e+03 9.999981206316854720e-01
0.000000000000000000e+00 0.000000000000000000e+00 0.000000000000000000e+00 3.565070725258455695e+03 9.999995313857090729e-01
0.000000000000000000e+00 0.000000000000000000e+00 0.000000000000000000e+00 3.580986219567645094e+03 9.999999447608225456e-01
0.000000000000000000e+00 0.000000000000000000e+00 0.000000000000000000e+00 3.596901713876834947e+03 9.999999995775008532e-01
0.000000000000000000e+00 0.000000000000000000e+00 0.000000000000000000e+00 3.612817208186024345e+03 9.999999985041607697e-01
0.000000000000000000e+00 0.000000000000000000e+00 0.000000000000000000e+00 3.628732702495213744e+03 9.999999180450600544e-01
0.000000000000000000e+00 0.000000000000000000e+00 0.000000000000000000e+00 3.644648196804403142e+03 9.999994230175749399e-01
0.000000000000000000e+00 0.000000000000000000e+00 0.000000000000000000e+00 3.660563691113592995e+03 9.999978852337516599e-01
0.000000000000000000e+00 0.000000000000000000e+00 0.000000000000000000e+00 3.676479185422782393e+03 9.999944060612304675e-01
0.000000000000000000e+00 0.000000000000000000e+00 0.000000000000000000e+00 3.692394679731971792e+03 9.999878425020085615e-01
0.000000000000000000e+00 0.000000000000000000e+00 0.000000000000000000e+00 3.708310174041161645e+03 9.999768363941139437e-01
0.000000000000000000e+00 0.000000000000000000e+00 0.000000000000000000e+00 3.724225668350351043e+03 9.999598463112731039e-01
0.000000000000000000e+00 0.000000000000000000e+00 0.000000000000000000e+00 3.740141162659540441e+03 9.999351817093466988e-01
0.000000000000000000e+00 0.000000000000000000e+00 0.000000000000000000e+00 3.756056656968730294e+03 9.999010388459648180e-01
0.000000000000000000e+00 0.000000000000000000e+00 0.000000000000000000e+00 3.771972151277919693e+03 9.998555379818663269e-01
0.000000000000000000e+00 0.000000000000000000e+00 0.000000000000000000e+00 3.787887645587109091e+03 9.997967613593248259e-01
0.000000000000000000e+00 0.000000000000000000e+00 0.000000000000000000e+00 3.803803139896298489e+03 9.997227914452249120e-01
0.000000000000000000e+00 0.000000000000000000e+00 0.000000000000000000e+00 3.819718634205488343e+03 9.996317489242614318e-01
0.000000000000000000e+00 0.000000000000000000e+00 0.000000000000000000e+00 3.835634128514677741e+03 9.995218299318000543e-01
0.000000000000000000e+00 0.000000000000000000e+00 0.000000000000000000e+00 3.851549622823867139e+03 9.993913420264775027e-01
0.000000000000000000e+00 0.000000000000000000e+00 0.000000000000000000e+00 3.867465117133056992e+03 9.992387384198879730e-01
0.000000000000000000e+00 0.000000000000000000e+00 0.000000000000000000e+00 3.883380611442246391e+03 9.990626500047858904e-01
0.000000000000000000e+00 0.000000000000000000e+00 0.000000000000000000e+00 3.899296105751435789e+03 9.988619147540964693e-01
0.000000000000000000e+00 0.000000000000000000e+00 0.000000000000000000e+00 3.915211600060625187e+03 9.986356041004382789e-01
0.000000000000000000e+00 0.000000000000000000e+00 0.000000000000000000e+00 3.931127094369815040e+03 9.983830459494311693e-01
0.000000000000000000e+00 0.000000000000000000e+00 0.000000000000000000e+00 3.947042588679004439e+03 9.981038440292182568e-01
0.000000000000000000e+00 0.000000000000000000e+00 0.000000000000000000e+00 3.962958082988193837e+03 9.977978933326088207e-01
0.000000000000000000e+00 0.000000000000000000e+00 0.000000000000000000e+00 3.978873577297383690e+03 9.974653914661555376e-01
0.000000000000000000e+00 0.000000000000000000e+00 0.000000000000000000e+00 3.994789071606573089e+03 9.971068457812728436e-01
0.000000000000000000e+00 0.000000000000000000e+00 0.000000000000000000e+00 4.010704565915762487e+03 9.967230762250300913e-01
0.000000000000000000e+00 0.000000000000000000e+00 0.000000000000000000e+00 4.026620060224952340e+03 9.963152139113177208e-01
0.000000000000000000e+00 0.000000000000000000e+00 0.000000000000000000e+00 4.042535554534141738e+03 9.958846954754261294e-01
0.000000000000000000e+00 0.000000000000000000e+00 0.000000000000000000e+00 4.058451048843331137e+03 9.954332533354797174e-01
0.000000000000000000e+00 0.000000000000000000e+00 0.000000000000000000e+00 4.074366543152520535e+03 9.949629020414502145e-01
0.000000000000000000e+00 0.000000000000000000e+00 0.000000000000000000e+00 4.090282037461710388e+03 9.944759209455344973e-01
0.000000000000000000e+00 0.000000000000000000e+00 0.000000000000000000e+00 4.106197531770900241e+03 9.939748334755854620e-01
0.000000000000000000e+00 0.000000000000000000e+00 0.000000000000000000e+00 4.122113026080089185e+03 9.934623833351876598e-01
0.000000000000000000e+00 0.000000000000000000e+00 0.000000000000000000e+00 4.138028520389279038e+03 9.929415079892763840e-01
0.000000000000000000e+00 0.000000000000000000e+00 0.000000000000000000e+00 4.153944014698467981e+03 9.924153098224465230e-01
0.000000000000000000e+00 0.000000000000000000e+00 0.000000000000000000e+00 4.169859509007657834e+03 9.918870253780555091e-01
0.000000000000000000e+00 0.000000000000000000e+00 0.000000000000000000e+00 4.185775003316847688e+03 9.913599930998580056e-01
0.000000000000000000e+00 0.000000000000000000e+00 0.000000000000000000e+00 4.201690497626036631e+03 9.908376200043542692e-01
0.000000000000000000e+00 0.000000000000000000e+00 0.000000000000000000e+00 4.217605991935226484e+03 9.903233477116224481e-01
0.000000000000000000e+00 0.000000000000000000e+00 0.000000000000000000e+00 4.233521486244416337e+03 9.898206182556064103e-01
0.000000000000000000e+00 0.000000000000000000e+00 0.000000000000000000e+00 4.249436980553605281e+03 9.893328400822407609e-01
0.000000000000000000e+00 0.000000000000000000e+00 0.000000000000000000e+00 4.265352474862795134e+03 9.888633546261171858e-01
0.000000000000000000e+00 0.000000000000000000e+00 0.000000000000000000e+00 4.281267969171984987e+03 9.884154038343737625e-01
0.000000000000000000e+00 0.000000000000000000e+00 0.000000000000000000e+00 4.297183463481173931e+03 9.879920989809338749e-01
0.000000000000000000e+00 0.000000000000000000e+00 0.000000000000000000e+00 4.313098957790363784e+03 9.875963910858959194e-01
0.000000000000000000e+00 0.000000000000000000e+00 0.000000000000000000e+00 4.329014452099553637e+03 9.872310432245856582e-01
0.000000000000000000e+00 0.000000000000000000e+00 0.000000000000000000e+00 4.344929946408742580e+03 9.868986049791997894e-01
0.000000000000000000e+00 0.000000000000000000e+00 0.000000000000000000e+00 4.360845440717932433e+03 9.866013892537790486e-01
0.000000000000000000e+00 0.000000000000000000e+00 0.000000000000000000e+00 4.376760935027122287e+03 9.863414516409800825e-01
0.000000000000000000e+00 0.000000000000000000e+00 0.000000000000000000e+00 4.392676429336311230e+03 9.861205724972443853e-01
0.000000000000000000e+00 0.000000000000000000e+00 0.000000000000000000e+00 4.408591923645501083e+03 9.859402418518478095e-01
0.000000000000000000e+00 0.000000000000000000e+00 0.000000000000000000e+00 4.424507417954690936e+03 9.858016472452035828e-01
0.000000000000000000e+00 0.000000000000000000e+00 0.000000000000000000e+00 4.440422912263879880e+03 9.857056645628666791e-01
0.000000000000000000e+00 0.000000000000000000e+00 0.000000000000000000e+00 4.456338406573069733e+03 9.856528519039919889e-01
0.000000000000000000e+00 0.000000000000000000e+00 0.000000000000000000e+00 4.472253900882258677e+03 9.856434464965546649e-01
0.000000000000000000e+00 0.000000000000000000e+00 0.000000000000000000e+00 4.488169395191448530e+03 9.856773646463636851e-01
0.000000000000000000e+00 0.000000000000000000e+00 0.000000000000000000e+00 4.504084889500638383e+03 9.857542046826895943e-01
0.000000000000000000e+00 0.000000000000000000e+00 0.000000000000000000e+00 4.520000383809827326e+03 9.858732528400353523e-01
0.000000000000000000e+00 0.000000000000000000e+00 0.000000000000000000e+00 4.535915878119017179e+03 9.860334919930706654e-01
0.000000000000000000e+00 0.000000000000000000e+00 0.000000000000000000e+00 4.551831372428207032e+03 9.862336131398773409e-01
0.000000000000000000e+00 0.000000000000000000e+00 0.000000000000000000e+00 4.567746866737395976e+03 9.864720295073050593e-01
0.000000000000000000e+00 0.000000000000000000e+00 0.000000000000000000e+00 4.583662361046585829e+03 9.867468931313432279e-01
0.000000000000000000e+00 0.000000000000000000e+00 0.000000000000000000e+00 4.599577855355775682e+03 9.870561137449470612e-01
0.000000000000000000e+00 0.000000000000000000e+00 0.000000000000000000e+00 4.615493349664964626e+03 9.873973797857563683e-01
0.000000000000000000e+00 0.000000000000000000e+00 0.000000000000000000e+00 4.631408843974154479e+03 9.877681813167100700e-01
0.000000000000000000e+00 0.000000000000000000e+00 0.000000000000000000e+00 4.647324338283344332e+03 9.881658346338679788e-01
0.000000000000000000e+00 0.000000000000000000e+00 0.000000000000000000e+00 4.663239832592533276e+03 9.885875083180193368e-01
0.000000000000000000e+00 0.000000000000000000e+00 0.000000000000000000e+00 4.679155326901723129e+03 9.890302504702033204e-01
0.000000000000000000e+00 0.000000000000000000e+00 0.000000000000000000e+00 4.695070821210912982e+03 9.894910168564033937e-01
0.000000000000000000e+00 0.000000000000000000e+00 0.000000000000000000e+00 4.710986315520101925e+03 9.899666996738144542e-01
0.000000000000000000e+00 0.000000000000000000e+00 0.000000000000000000e+00 4.726901809829291778e+03 9.904541566406024344e-01
0.000000000000000000e+00 0.000000000000000000e+00 0.000000000000000000e+00 4.742817304138481632e+03 9.909502401033916108e-01
0.000000000000000000e+00 0.000000000000000000e+00 0.000000000000000000e+00 4.758732798447670575e+03 9.914518258522369010e-01
0.000000000000000000e+00 0.000000000000000000e+00 0.000000000000000000e+00 4.774648292756860428e+03 9.919558413318998458e-01
0.000000000000000000e+00 0.000000000000000000e+00 0.000000000000000000e+00 4.790563787066049372e+03 9.924592929412006104e-01
0.000000000000000000e+00 0.000000000000000000e+00 0.000000000000000000e+00 4.806479281375239225e+03 9.929592921192669230e-01
0.000000000000000000e+00 0.000000000000000000e+00 0.000000000000000000e+00 4.822394775684429078e+03 9.934530799288421310e-01
0.000000000000000000e+00 0.000000000000000000e+00 0.000000000000000000e+00 4.838310269993618022e+03 9.939380498624839078e-01
0.000000000000000000e+00 0.000000000000000000e+00 0.000000000000000000e+00 4.854225764302807875e+03 9.944117686174664961e-01
0.000000000000000000e+00 0.000000000000000000e+00 0.000000000000000000e+00 4.870141258611997728e+03 9.948719946093136368e-01
0.000000000000000000e+00 0.000000000000000000e+00 0.000000000000000000e+00 4.886056752921186671e+03 9.953166940218913794e-01
0.000000000000000000e+00 0.000000000000000000e+00 0.000000000000000000e+00 4.901972247230376524e+03 9.957440542234961001e-01
0.000000000000000000e+00 0.000000000000000000e+00 0.000000000000000000e+00 4.917887741539566377e+03 9.961524944128969938e-01
0.000000000000000000e+00 0.000000000000000000e+00 0.000000000000000000e+00 4.933803235848755321e+03 9.965406733962867136e-01
0.000000000000000000e+00 0.000000000000000000e+00 0.000000000000000000e+00 4.949718730157945174e+03 9.969074944348875755e-01
0.000000000000000000e+00 0.000000000000000000e+00 0.000000000000000000e+00 4.965634224467135027e+03 9.972521071428821493e-01
0.000000000000000000e+00 0.000000000000000000e+00 0.000000000000000000e+00 4.981549718776323971e+03 9.975739064556273794e-01
0.000000000000000000e+00 0.000000000000000000e+00 0.000000000000000000e+00 4.997465213085513824e+03 9.978725287280283407e-01
0.000000000000000000e+00 0.000000000000000000e+00 0.000000000000000000e+00 5.013380707394703677e+03 9.981478450617567999e-01
0.000000000000000000e+00 0.000000000000000000e+00 0.000000000000000000e+00 5.029296201703892621e+03 9.983999519969687375e-01
0.000000000000000000e+00 0.000000000000000000e+00 0.000000000000000000e+00 5.045211696013082474e+03 9.986291597386586227e-01
0.000000000000000000e+00 0.000000000000000000e+00 0.000000000000000000e+00 5.061127190322272327e+03 9.988359781191828990e-01
0.000000000000000000e+00 0.000000000000000000e+00 0.000000000000000000e+00 5.077042684631461270e+03 9.990211005262789046e-01
0.000000000000000000e+00 0.000000000000000000e+00 0.000000000000000000e+00 5.092958178940651123e+03 9.991853860496825446e-01
0.000000000000000000e+00 0.000000000000000000e+00 0.000000000000000000e+00 5.108873673249840067e+03 9.993298401188936975e-01
0.000000000000000000e+00 0.000000000000000000e+00 0.000000000000000000e+00 5.124789167559029920e+03 9.994555939195430838e-01
0.000000000000000000e+00 0.000000000000000000e+00 0.000000000000000000e+00 5.140704661868219773e+03 9.995638828860734515e-01
0.000000000000000000e+00 0.000000000000000000e+00 0.000000000000000000e+00 5.156620156177408717e+03 9.996560245740693240e-01
0.000000000000000000e+00 0.000000000000000000e+00 0.000000000000000000e+00 5.172535650486598570e+03 9.997333962166338184e-01
0.000000000000000000e+00 0.000000000000000000e+00 0.000000000000000000e+00 5.188451144795788423e+03 9.997974122659178953e-01
0.000000000000000000e+00 0.000000000000000000e+00 0.000000000000000000e+00 5.204366639104977367e+03 9.998495022134955557e-01
0.000000000000000000e+00 0.000000000000000000e+00 0.000000000000000000e+00 5.220282133414167220e+03 9.998910889720720174e-01
0.000000000000000000e+00 0.000000000000000000e+00 0.000000000000000000e+00 5.236197627723357073e+03 9.999235680863673981e-01
0.000000000000000000e+00 0.000000000000000000e+00 0.000000000000000000e+00 5.252113122032546016e+03 9.999482880233392379e-01
0.000000000000000000e+00 0.000000000000000000e+00 0.000000000000000000e+00 5.268028616341735869e+03 9.999665317715846768e-01
0.000000000000000000e+00 0.000000000000000000e+00 0.000000000000000000e+00 5.283944110650925722e+03 9.999794999572451104e-01
0.000000000000000000e+00 0.000000000000000000e+00 0.000000000000000000e+00 5.299859604960114666e+03 9.999882956594028371e-01
0.000000000000000000e+00 0.000000000000000000e+00 0.000000000000000000e+00 5.315775099269304519e+03 9.999939110822354538e-01
0.000000000000000000e+00 0.000000000000000000e+00 0.000000000000000000e+00 5.331690593578494372e+03 9.999972162144457055e-01
0.000000000000000000e+00 0.000000000000000000e+00 0.000000000000000000e+00 5.347606087887683316e+03 9.999989495790562177e-01
0.000000000000000000e+00 0.000000000000000000e+00 0.000000000000000000e+00 5.363521582196873169e+03 9.999997111488894141e-01
0.000000000000000000e+00 0.000000000000000000e+00 0.000000000000000000e+00 5.379437076506062112e+03 9.999999574752227449e-01
0.000000000000000000e+00 0.000000000000000000e+00 0.000000000000000000e+00 5.395352570815251966e+03 9.999999990494852220e-01
0.000000000000000000e+00 0.000000000000000000e+00 0.000000000000000000e+00 5.411268065124441819e+03 9.999999998906839993e-01
0.000000000000000000e+00 0.000000000000000000e+00 0.000000000000000000e+00 5.427183559433630762e+03 9.999999793247358326e-01
0.000000000000000000e+00 0.000000000000000000e+00 0.000000000000000000e+00 5.443099053742820615e+03 9.999998158962251082e-01
0.000000000000000000e+00 0.000000000000000000e+00 0.000000000000000000e+00 5.459014548052010468e+03 9.999992533284969287e-01
0.000000000000000000e+00 0.000000000000000000e+00 0.000000000000000000e+00 5.474930042361199412e+03 9.999979084246142236e-01
0.000000000000000000e+00 0.000000000000000000e+00 0.000000000000000000e+00 5.490845536670389265e+03 9.999952807797085619e-01
0.000000000000000000e+00 0.000000000000000000e+00 0.000000000000000000e+00 5.506761030979579118e+03 9.999907641548291259e-01
0.000000000000000000e+00 0.000000000000000000e+00 0.000000000000000000e+00 5.522676525288768062e+03 9.999836593436993715e-01
0.000000000000000000e+00 0.000000000000000000e+00 0.000000000000000000e+00 5.538592019597957915e+03 9.999731883470017735e-01
0.000000000000000000e+00 0.000000000000000000e+00 0.000000000000000000e+00 5.554507513907147768e+03 9.999585096541010465e-01
0.000000000000000000e+00 0.000000000000000000e+00 0.000000000000000000e+00 5.570423008216336711e+03 9.999387344196584149e-01
0.000000000000000000e+00 0.000000000000000000e+00 0.000000000000000000e+00 5.586338502525526565e+03 9.999129433125490962e-01
0.000000000000000000e+00 0.000000000000000000e+00 0.000000000000000000e+00 5.602253996834716418e+03 9.998802038070223608e-01
0.000000000000000000e+00 0.000000000000000000e+00 0.000000000000000000e+00 5.618169491143905361e+03 9.998395876813036542e-01
0.000000000000000000e+00 0.000000000000000000e+00 0.000000000000000000e+00 5.634084985453095214e+03 9.997901884869226929e-01
0.000000000000000000e+00 0.000000000000000000e+00 0.000000000000000000e+00 5.650000479762285067e+03 9.997311387530793958e-01
0.000000000000000000e+00 0.000000000000000000e+00 0.000000000000000000e+00 5.665915974071474011e+03 9.996616266943825213e-01
0.000000000000000000e+00 0.000000000000000000e+00 0.000000000000000000e+00 5.681831468380663864e+03 9.995809121973253664e-01
0.000000000000000000e+00 0.000000000000000000e+00 0.000000000000000000e+00 5.697746962689852808e+03 9.994883418708881972e-01
0.000000000000000000e+00 0.000000000000000000e+00 0.000000000000000000e+00 5.713662456999042661e+03 9.993833629595876289e-01
0.000000000000000000e+00 0.000000000000000000e+00 0.000000000000000000e+00 5.729577951308232514e+03 9.992655359330011589e-01
0.000000000000000000e+00 0.000000000000000000e+00 0.000000000000000000e+00 5.745493445617421457e+03 9.991345455841027512e-01
0.000000000000000000e+00 0.000000000000000000e+00 0.000000000000000000e+00 5.761408939926611311e+03 9.989902104894010648e-01
0.000000000000000000e+00 0.000000000000000000e+00 0.000000000000000000e+00 5.777324434235801164e+03 9.988324907065964098e-01
0.000000000000000000e+00 0.000000000000000000e+00 0.000000000000000000e+00 5.793239928544990107e+03 9.986614936099158513e-01
0.000000000000000000e+00 0.000000000000000000e+00 0.000000000000000000e+00 5.809155422854179960e+03 9.984774777890843556e-01
0.000000000000000000e+00 0.000000000000000000e+00 0.000000000000000000e+00 5.825070917163369813e+03 9.982808549646176033e-01
0.000000000000000000e+00 0.000000000000000000e+00 0.000000000000000000e+00 5.840986411472558757e+03 9.980721898993571983e-01
0.000000000000000000e+00 0.000000000000000000e+00 0.000000000000000000e+00 5.856901905781748610e+03 9.978521983134587270e-01
0.000000000000000000e+00 0.000000000000000000e+00 0.000000000000000000e+00 5.872817400090938463e+03 9.976217428369404949e-01
0.000000000000000000e+00 0.000000000000000000e+00 0.000000000000000000e+00 5.888732894400127407e+03 9.973818270599773550e-01
0.000000000000000000e+00 0.000000000000000000e+00 0.000000000000000000e+00 5.904648388709317260e+03 9.971335877659417424e-01
0.000000000000000000e+00 0.000000000000000000e+00 0.000000000000000000e+00 5.920563883018507113e+03 9.968782854553980277e-01
0.000000000000000000e+00 0.000000000000000000e+00 0.000000000000000000e+00 5.936479377327696056e+03 9.966172932904735493e-01
0.000000000000000000e+00 0.000000000000000000e+00 0.000000000000000000e+00 5.952394871636885910e+03 9.963520846079798599e-01
0.000000000000000000e+00 0.000000000000000000e+00 0.000000000000000000e+00 5.968310365946075763e+03 9.960842191660979061e-01
0.000000000000000000e+00 0.000000000000000000e+00 0.000000000000000000e+00 5.984225860255264706e+03 9.958153283031768721e-01
0.000000000000000000e+00 0.000000000000000000e+00 0.000000000000000000e+00 6.000141354564454559e+03 9.955470991981223428e-01
0.000000000000000000e+00 0.000000000000000000e+00 0.000000000000000000e+00 6.016056848873643503e+03 9.952812584298851295e-01
0.000000000000000000e+00 0.000000000000000000e+00 0.000000000000000000e+00 6.031972343182833356e+03 9.950195550387184174e-01
0.000000000000000000e+00 0.000000000000000000e+00 0.000000000000000000e+00 6.047887837492023209e+03 9.947637432941883739e-01
0.000000000000000000e+00 0.000000000000000000e+00 0.000000000000000000e+00 6.063803331801212153e+03 9.945155653745161306e-01
0.000000000000000000e+00 0.000000000000000000e+00 0.000000000000000000e+00 6.079718826110402006e+03 9.942767341588261143e-01
0.000000000000000000e+00 0.000000000000000000e+00 0.000000000000000000e+00 6.095634320419591859e+03 9.940489163284715879e-01
0.000000000000000000e+00 0.000000000000000000e+00 0.000000000000000000e+00 6.111549814728780802e+03 9.938337159660075582e-01
0.000000000000000000e+00 0.000000000000000000e+00 0.000000000000000000e+00 6.127465309037970655e+03 9.936326588308035390e-01
0.000000000000000000e+00 0.000000000000000000e+00 0.000000000000000000e+00 6.143380803347160509e+03 9.934471774789952470e-01
0.000000000000000000e+00 0.000000000000000000e+00 0.000000000000000000e+00 6.159296297656349452e+03 9.932785973826805392e-01
0.000000000000000000e+00 0.000000000000000000e+00 0.000000000000000000e+00 6.175211791965539305e+03 9.931281241892407907e-01
0.000000000000000000e+00 0.000000000000000000e+00 0.000000000000000000e+00 6.191127286274729158e+03 9.929968322466273811e-01
0.000000000000000000e+00 0.000000000000000000e+00 0.000000000000000000e+00 6.207042780583918102e+03 9.928856545046180759e-01
0.000000000000000000e+00 0.000000000000000000e+00 0.000000000000000000e+00 6.222958274893107955e+03 9.927953738856312160e-01
0.000000000000000000e+00 0.000000000000000000e+00 0.000000000000000000e+00 6.238873769202297808e+03 9.927266162018539841e-01
0.000000000000000000e+00 0.000000000000000000e+00 0.000000000000000000e+00 6.254789263511486752e+03 9.926798446783713370e-01
0.000000000000000000e+00 0.000000000000000000e+00 0.000000000000000000e+00 6.270704757820676605e+03 9.926553561248071533e-01
0.000000000000000000e+00 0.000000000000000000e+00 0.000000000000000000e+00 6.286620252129866458e+03 9.926532787808444169e-01
0.000000000000000000e+00 0.000000000000000000e+00 0.000000000000000000e+00 6.302535746439055401e+03 9.926735718439712031e-01
0.000000000000000000e+00 0.000000000000000000e+00 0.000000000000000000e+00 6.318451240748245255e+03 9.927160266710162162e-01
0.000000000000000000e+00 0.000000000000000000e+00 0.000000000000000000e+00 6.334366735057434198e+03 9.927802696285571438e-01
0.000000000000000000e+00 0.000000000000000000e+00 0.000000000000000000e+00 6.350282229366624051e+03 9.928657665512121699e-01
0.000000000000000000e+00 0.000000000000000000e+00 0.000000000000000000e+00 6.366197723675813904e+03 9.929718287512093733e-01
0.000000000000000000e+00 0.000000000000000000e+00 0.000000000000000000e+00 6.382113217985002848e+03 9.930976205075775498e-01
0.000000000000000000e+00 0.000000000000000000e+00 0.000000000000000000e+00 6.398028712294192701e+03 9.932421679488740995e-01
0.000000000000000000e+00 0.000000000000000000e+00 0.000000000000000000e+00 6.413944206603382554e+03 9.934043692296741224e-01
0.000000000000000000e+00 0.000000000000000000e+00 0.000000000000000000e+00 6.429859700912571498e+03 9.935830058881723881e-01
0.000000000000000000e+00 0.000000000000000000e+00 0.000000000000000000e+00 6.445775195221761351e+03 9.937767552603170573e-01
0.000000000000000000e+00 0.000000000000000000e+00 0.000000000000000000e+00 6.461690689530951204e+03 9.939842038150096259e-01
0.000000000000000000e+00 0.000000000000000000e+00 0.000000000000000000e+00 6.477606183840140147e+03 9.942038612652116525e-01
0.000000000000000000e+00 0.000000000000000000e+00 0.000000000000000000e+00 6.493521678149330000e+03 9.944341753014049878e-01
0.000000000000000000e+00 0.000000000000000000e+00 0.000000000000000000e+00 6.509437172458519854e+03 9.946735467869174396e-01
0.000000000000000000e+00 0.000000000000000000e+00 0.000000000000000000e+00 6.525352666767708797e+03 9.949203452492654254e-01
0.000000000000000000e+00 0.000000000000000000e+00 0.000000000000000000e+00 6.541268161076898650e+03 9.951729244980181965e-01
0.000000000000000000e+00 0.000000000000000000e+00 0.000000000000000000e+00 6.557183655386088503e+03 9.954296381978637864e-01
0.000000000000000000e+00 0.000000000000000000e+00 0.000000000000000000e+00 6.573099149695277447e+03 9.956888552256615288e-01
0.000000000000000000e+00 0.000000000000000000e+00 0.000000000000000000e+00 6.589014644004467300e+03 9.959489746423757506e-01
0.000000000000000000e+00 0.000000000000000000e+00 0.000000000000000000e+00 6.604930138313656244e+03 9.962084401149446933e-01
0.000000000000000000e+00 0.000000000000000000e+00 0.000000000000000000e+00 6.620845632622846097e+03 9.964657536293930473e-01
0.000000000000000000e+00 0.000000000000000000e+00 0.000000000000000000e+00 6.636761126932035950e+03 9.967194883447936249e-01
0.000000000000000000e+00 0.000000000000000000e+00 0.000000000000000000e+00 6.652676621241224893e+03 9.969683004480119903e-01
0.000000000000000000e+00 0.000000000000000000e+00 0.000000000000000000e+00 6.668592115550414746e+03 9.972109398814099634e-01
0.000000000000000000e+00 0.000000000000000000e+00 0.000000000000000000e+00 6.684507609859604599e+03 9.974462598297174631e-01
0.000000000000000000e+00 0.000000000000000000e+00 0.000000000000000000e+00 6.700423104168793543e+03 9.976732248679409665e-01
0.000000000000000000e+00 0.000000000000000000e+00 0.000000000000000000e+00 6.716338598477983396e+03 9.978909176892546418e-01
0.000000000000000000e+00 0.000000000000000000e+00 0.000000000000000000e+00 6.732254092787173249e+03 9.980985443500671739e-01
0.000000000000000000e+00 0.000000000000000000e+00 0.000000000000000000e+00 6.748169587096362193e+03 9.982954379886241902e-01
0.000000000000000000e+00 0.000000000000000000e+00 0.000000000000000000e+00 6.764085081405552046e+03 9.984810609932877057e-01
0.000000000000000000e+00 0.000000000000000000e+00 0.000000000000000000e+00 6.780000575714741899e+03 9.986550056167273759e-01
0.000000000000000000e+00 0.000000000000000000e+00 0.000000000000000000e+00 6.795916070023930843e+03 9.988169930523574935e-01
0.000000000000000000e+00 0.000000000000000000e+00 0.000000000000000000e+00 6.811831564333120696e+03 9.989668710091217374e-01
0.000000000000000000e+00 0.000000000000000000e+00 0.000000000000000000e+00 6.827747058642310549e+03 9.991046098398775888e-01
0.000000000000000000e+00 0.000000000000000000e+00 0.000000000000000000e+00 6.843662552951499492e+03 9.992302972968447605e-01
0.000000000000000000e+00 0.000000000000000000e+00 0.000000000000000000e+00 6.859578047260689345e+03 9.993441320045894916e-01
0.000000000000000000e+00 0.000000000000000000e+00 0.000000000000000000e+00 6.875493541569879199e+03 9.994464157565706719e-01
0.000000000000000000e+00 0.000000000000000000e+00 0.000000000000000000e+00 6.891409035879068142e+03 9.995375447551373416e-01
0.000000000000000000e+00 0.000000000000000000e+00 0.000000000000000000e+00 6.907324530188257995e+03 9.996179999268783867e-01
0.000000000000000000e+00 0.000000000000000000e+00 0.000000000000000000e+00 6.923240024497446939e+03 9.996883364552120455e-01
0.000000000000000000e+00 0.000000000000000000e+00 0.000000000000000000e+00 6.939155518806636792e+03 9.997491726799794254e-01
0.000000000000000000e+00 0.000000000000000000e+00 0.000000000000000000e+00 6.955071013115826645e+03 9.998011785194906853e-01
0.000000000000000000e+00 0.000000000000000000e+00 0.000000000000000000e+00 6.970986507425015589e+03 9.998450635739482006e-01
0.000000000000000000e+00 0.000000000000000000e+00 0.000000000000000000e+00 6.986902001734205442e+03 9.998815650704431235e-01
0.000000000000000000e+00 0.000000000000000000e+00 0.000000000000000000e+00 7.002817496043395295e+03 9.999114358088405652e-01
0.000000000000000000e+00 0.000000000000000000e+00 0.000000000000000000e+00 7.018732990352584238e+03 9.999354322649122162e-01
0.000000000000000000e+00 0.000000000000000000e+00 0.000000000000000000e+00 7.034648484661774091e+03 9.999543030021508239e-01
0.000000000000000000e+00 0.000000000000000000e+00 0.000000000000000000e+00 7.050563978970963944e+03 9.999687775369406895e-01
0.000000000000000000e+00 0.000000000000000000e+00 0.000000000000000000e+00 7.066479473280152888e+03 9.999795557933096601e-01
0.000000000000000000e+00 0.000000000000000000e+00 0.000000000000000000e+00 7.082394967589342741e+03 9.999872982735205085e-01
0.000000000000000000e+00 0.000000000000000000e+00 0.000000000000000000e+00 7.098310461898532594e+03 9.999926170594459762e-01
0.000000000000000000e+00 0.000000000000000000e+00 0.000000000000000000e+00 7.114225956207721538e+03 9.999960677471926296e-01
0.000000000000000000e+00 0.000000000000000000e+00 0.000000000000000000e+00 7.130141450516911391e+03 9.999981424039884326e-01
0.000000000000000000e+00 0.000000000000000000e+00 0.000000000000000000e+00 7.146056944826101244e+03 9.999992636220977893e-01
0.000000000000000000e+00 0.000000000000000000e+00 0.000000000000000000e+00 7.161972439135290188e+03 9.999997797296750202e-01
0.000000000000000000e+00 0.000000000000000000e+00 0.000000000000000000e+00 7.177887933444480041e+03 9.999999612031832408e-01
0.000000000000000000e+00 0.000000000000000000e+00 0.000000000000000000e+00 7.193803427753669894e+03 9.999999983104652657e-01
0.000000000000000000e+00 0.000000000000000000e+00 0.000000000000000000e+00 7.209718922062858837e+03 9.999999999979252152e-01
0.000000000000000000e+00 0.000000000000000000e+00 0.000000000000000000e+00 7.225634416372048690e+03 9.999999940197310533e-01
0.000000000000000000e+00 0.000000000000000000e+00 0.000000000000000000e+00 7.241549910681237634e+03 9.999999282916203214e-01
0.000000000000000000e+00 0.000000000000000000e+00 0.000000000000000000e+00 7.257465404990427487e+03 9.999996734369571705e-01
0.000000000000000000e+00 0.000000000000000000e+00 0.000000000000000000e+00 7.273380899299617340e+03 9.999990264782619986e-01
0.000000000000000000e+00 0.000000000000000000e+00 0.000000000000000000e+00 7.289296393608806284e+03 9.999977156136879985e-01
0.000000000000000000e+00 0.000000000000000000e+00 0.000000000000000000e+00 7.305211887917996137e+03 9.999954060049516258e-01
0.000000000000000000e+00 0.000000000000000000e+00 0.000000000000000000e+00 7.321127382227185990e+03 9.999917064911969522e-01
0.000000000000000000e+00 0.000000000000000000e+00 0.000000000000000000e+00 7.337042876536374933e+03 9.999861771322836601e-01
0.000000000000000000e+00 0.000000000000000000e+00 0.000000000000000000e+00 7.352958370845564787e+03 9.999783374751716192e-01
0.000000000000000000e+00 0.000000000000000000e+00 0.000000000000000000e+00 7.368873865154754640e+03 9.999676754285320435e-01
0.000000000000000000e+00 0.000000000000000000e+00 0.000000000000000000e+00 7.384789359463943583e+03 9.999536566235518453e-01
0.000000000000000000e+00 0.000000000000000000e+00 0.000000000000000000e+00 7.400704853773133436e+03 9.999357341332090199e-01
0.000000000000000000e+00 0.000000000000000000e+00 0.000000000000000000e+00 7.416620348082323289e+03 9.999133584181558732e-01
0.000000000000000000e+00 0.000000000000000000e+00 0.000000000000000000e+00 7.432535842391512233e+03 9.998859873648294760e-01
0.000000000000000000e+00 0.000000000000000000e+00 0.000000000000000000e+00 7.448451336700702086e+03 9.998530962805585176e-01
0.000000000000000000e+00 0.000000000000000000e+00 0.000000000000000000e+00 7.464366831009891939e+03 9.998141877112853848e-01
0.000000000000000000e+00 0.000000000000000000e+00 0.000000000000000000e+00 7.480282325319080883e+03 9.997688009500842465e-01
0.000000000000000000e+00 0.000000000000000000e+00 0.000000000000000000e+00 7.496197819628270736e+03 9.997165211089134029e-01
0.000000000000000000e+00 0.000000000000000000e+00 0.000000000000000000e+00 7.512113313937460589e+03 9.996569876319658654e-01
0.000000000000000000e+00 0.000000000000000000e+00 0.000000000000000000e+00 7.528028808246649533e+03 9.995899021364966774e-01
0.000000000000000000e+00 0.000000000000000000e+00 0.000000000000000000e+00 7.543944302555839386e+03 9.995150354760446998e-01
0.000000000000000000e+00 0.000000000000000000e+00 0.000000000000000000e+00 7.559859796865028329e+03 9.994322339313914672e-01
0.000000000000000000e+00 0.000000000000000000e+00 0.000000000000000000e+00 7.575775291174218182e+03 9.993414244462981433e-01
0.000000000000000000e+00 0.000000000000000000e+00 0.000000000000000000e+00 7.591690785483408035e+03 9.992426188378458196e-01
0.000000000000000000e+00 0.000000000000000000e+00 0.000000000000000000e+00 7.607606279792596979e+03 9.991359169249189875e-01
0.000000000000000000e+00 0.000000000000000000e+00 0.000000000000000000e+00 7.623521774101786832e+03 9.990215085328020272e-01
0.000000000000000000e+00 0.000000000000000000e+00 0.000000000000000000e+00 7.639437268410976685e+03 9.988996743467891681e-01
0.000000000000000000e+00 0.000000000000000000e+00 0.000000000000000000e+00 7.655352762720165629e+03 9.987707856029393039e-01
0.000000000000000000e+00 0.000000000000000000e+00 0.000000000000000000e+00 7.671268257029355482e+03 9.986353026193821592e-01
0.000000000000000000e+00 0.000000000000000000e+00 0.000000000000000000e+00 7.687183751338545335e+03 9.984937721866953275e-01
0.000000000000000000e+00 0.000000000000000000e+00 0.000000000000000000e+00 7.703099245647734278e+03 9.983468238505961434e-01
0.000000000000000000e+00 0.000000000000000000e+00 0.000000000000000000e+00 7.719014739956924132e+03 9.981951651343001775e-01
0.000000000000000000e+00 0.000000000000000000e+00 0.000000000000000000e+00 7.734930234266113985e+03 9.980395757612202656e-01
0.000000000000000000e+00 0.000000000000000000e+00 0.000000000000000000e+00 7.750845728575302928e+03 9.978809009509876926e-01
0.000000000000000000e+00 0.000000000000000000e+00 0.000000000000000000e+00 7.766761222884492781e+03 9.977200438729632026e-01
0.000000000000000000e+00 0.000000000000000000e+00 0.000000000000000000e+00 7.782676717193682634e+03 9.975579573512802778e-01
0.000000000000000000e+00 0.000000000000000000e+00 0.000000000000000000e+00 7.798592211502871578e+03 9.973956349239534447e-01
0.000000000000000000e+00 0.000000000000000000e+00 0.000000000000000000e+00 7.814507705812061431e+03 9.972341013655809938e-01
0.000000000000000000e+00 0.000000000000000000e+00 0.000000000000000000e+00 7.830423200121250375e+03 9.970744027886286887e-01
0.000000000000000000e+00 0.000000000000000000e+00 0.000000000000000000e+00 7.846338694430440228e+03 9.969175964421651548e-01
0.000000000000000000e+00 0.000000000000000000e+00 0.000000000000000000e+00 7.862254188739630081e+03 9.967647403292225761e-01
0.000000000000000000e+00 0.000000000000000000e+00 0.000000000000000000e+00 7.878169683048819024e+03 9.966168827647117201e-01
0.000000000000000000e+00 0.000000000000000000e+00 0.000000000000000000e+00 7.894085177358008877e+03 9.964750519950503760e-01
0.000000000000000000e+00 0.000000000000000000e+00 0.000000000000000000e+00 7.910000671667198731e+03 9.963402459984583848e-01
0.000000000000000000e+00 0.000000000000000000e+00 0.000000000000000000e+00 7.925916165976387674e+03 9.962134225812853128e-01
0.000000000000000000e+00 0.000000000000000000e+00 0.000000000000000000e+00 7.941831660285577527e+03 9.960954898808855873e-01
0.000000000000000000e+00 0.000000000000000000e+00 0.000000000000000000e+00 7.957747154594767380e+03 9.959872973795271811e-01
0.000000000000000000e+00 0.000000000000000000e+00 0.000000000000000000e+00 7.973662648903956324e+03 9.958896275267461462e-01
0.000000000000000000e+00 0.000000000000000000e+00 0.000000000000000000e+00 7.989578143213146177e+03 9.958031880595356045e-01
0.000000000000000000e+00 0.000000000000000000e+00 0.000000000000000000e+00 8.005493637522336030e+03 9.957286051009320849e-01
0.000000000000000000e+00 0.000000000000000000e+00 0.000000000000000000e+00 8.021409131831524974e+03 9.956664171080329417e-01
0.000000000000000000e+00 0.000000000000000000e+00 0.000000000000000000e+00 8.037324626140714827e+03 9.956170697303778905e-01
0.000000000000000000e+00 0.000000000000000000e+00 0.000000000000000000e+00 8.053240120449904680e+03 9.955809116290701422e-01
0.000000000000000000e+00 0.000000000000000000e+00 0.000000000000000000e+00 8.069155614759093623e+03 9.955581912961077862e-01
0.000000000000000000e+00 0.000000000000000000e+00 0.000000000000000000e+00 8.085071109068283477e+03 9.955490549022592006e-01
0.000000000000000000e+00 0.000000000000000000e+00 0.000000000000000000e+00 8.100986603377473330e+03 9.955535451905384026e-01
0.000000000000000000e+00 0.000000000000000000e+00 0.000000000000000000e+00 8.116902097686662273e+03 9.955716014210390652e-01
0.000000000000000000e+00 0.000000000000000000e+00 0.000000000000000000e+00 8.132817591995852126e+03 9.956030603616358166e-01
0.000000000000000000e+00 0.000000000000000000e+00 0.000000000000000000e+00 8.148733086305041070e+03 9.956476583079784115e-01
0.000000000000000000e+00 0.000000000000000000e+00 0.000000000000000000e+00 8.164648580614230923e+03 9.957050341053587106e-01
0.000000000000000000e+00 0.000000000000000000e+00 0.000000000000000000e+00 8.180564074923420776e+03 9.957747331345196962e-01
0.000000000000000000e+00 0.000000000000000000e+00 0.000000000000000000e+00 8.196479569232609720e+03 9.958562122133816086e-01
0.000000000000000000e+00 0.000000000000000000e+00 0.000000000000000000e+00 8.212395063541800482e+03 9.959488453570723987e-01
0.000000000000000000e+00 0.000000000000000000e+00 0.000000000000000000e+00 8.228310557850989426e+03 9.960519303296482274e-01
0.000000000000000000e+00 0.000000000000000000e+00 0.000000000000000000e+00 8.244226052160178369e+03 9.961646959125620704e-01
0.000000000000000000e+00 0.000000000000000000e+00 0.000000000000000000e+00 8.260141546469369132e+03 9.962863098073729828e-01
0.000000000000000000e+00 0.000000000000000000e+00 0.000000000000000000e+00 8.276057040778558076e+03 9.964158870834530779e-01
0.000000000000000000e+00 0.000000000000000000e+00 0.000000000000000000e+00 8.291972535087747019e+03 9.965524990756448043e-01
0.000000000000000000e+00 0.000000000000000000e+00 0.000000000000000000e+00 8.307888029396935963e+03 9.966951826320014085e-01
0.000000000000000000e+00 0.000000000000000000e+00 0.000000000000000000e+00 8.323803523706126725e+03 9.968429496079973529e-01
0.000000000000000000e+00 0.000000000000000000e+00 0.000000000000000000e+00 8.339719018015315669e+03 9.969947965009764435e-01
0.000000000000000000e+00 0.000000000000000000e+00 0.000000000000000000e+00 8.355634512324504612e+03 9.971497141171650203e-01
0.000000000000000000e+00 0.000000000000000000e+00 0.000000000000000000e+00 8.371550006633695375e+03 9.973066971633774980e-01
0.000000000000000000e+00 0.000000000000000000e+00 0.000000000000000000e+00 8.387465500942884319e+03 9.974647536565792727e-01
0.000000000000000000e+00 0.000000000000000000e+00 0.000000000000000000e+00 8.403380995252073262e+03 9.976229140468009238e-01
0.000000000000000000e+00 0.000000000000000000e+00 0.000000000000000000e+00 8.419296489561264025e+03 9.977802399524799970e-01
0.000000000000000000e+00 0.000000000000000000e+00 0.000000000000000000e+00 8.435211983870452968e+03 9.979358324121473389e-01
0.000000000000000000e+00 0.000000000000000000e+00 0.000000000000000000e+00 8.451127478179641912e+03 9.980888395624276654e-01
0.000000000000000000e+00 0.000000000000000000e+00 0.000000000000000000e+00 8.467042972488832675e+03 9.982384636595141858e-01
0.000000000000000000e+00 0.000000000000000000e+00 0.000000000000000000e+00 8.482958466798021618e+03 9.983839673695601435e-01
0.000000000000000000e+00 0.000000000000000000e+00 0.000000000000000000e+00 8.498873961107210562e+03 9.985246792626660817e-01
0.000000000000000000e+00 0.000000000000000000e+00 0.000000000000000000e+00 8.514789455416401324e+03 9.986599984552519960e-01
0.000000000000000000e+00 0.000000000000000000e+00 0.000000000000000000e+00 8.530704949725590268e+03 9.987893983564313238e-01
0.000000000000000000e+00 0.000000000000000000e+00 0.000000000000000000e+00 8.546620444034779212e+03 9.989124294854070385e-01
0.000000000000000000e+00 0.000000000000000000e+00 0.000000000000000000e+00 8.562535938343969974e+03 9.990287213387427645e-01
0.000000000000000000e+00 0.000000000000000000e+00 0.000000000000000000e+00 8.578451432653158918e+03 9.991379832984341736e-01
0.000000000000000000e+00 0.000000000000000000e+00 0.000000000000000000e+00 8.594366926962347861e+03 9.992400045838614187e-01
0.000000000000000000e+00 0.000000000000000000e+00 0.000000000000000000e+00 8.610282421271538624e+03 9.993346532627658263e-01
0.000000000000000000e+00 0.000000000000000000e+00 0.000000000000000000e+00 8.626197915580727567e+03 9.994218743481684264e-01
0.000000000000000000e+00 0.000000000000000000e+00 0.000000000000000000e+00 8.642113409889916511e+03 9.995016870195008174e-01
0.000000000000000000e+00 0.000000000000000000e+00 0.000000000000000000e+00 8.658028904199107274e+03 9.995741810169526120e-01
0.000000000000000000e+00 0.000000000000000000e+00 0.000000000000000000e+00 8.673944398508296217e+03 9.996395122680252765e-01
0.000000000000000000e+00 0.000000000000000000e+00 0.000000000000000000e+00 8.689859892817485161e+03 9.996978978143842287e-01
0.000000000000000000e+00 0.000000000000000000e+00 0.000000000000000000e+00 8.705775387126675923e+03 9.997496101151842618e-01
0.000000000000000000e+00 0.000000000000000000e+00 0.000000000000000000e+00 8.721690881435864867e+03 9.997949708100262178e-01
0.000000000000000000e+00 0.000000000000000000e+00 0.000000000000000000e+00 8.737606375745053811e+03 9.998343440304897634e-01
0.000000000000000000e+00 0.000000000000000000e+00 0.000000000000000000e+00 8.753521870054244573e+03 9.998681293537259318e-01
0.000000000000000000e+00 0.000000000000000000e+00 0.000000000000000000e+00 8.769437364363433517e+03 9.998967544948346164e-01
0.000000000000000000e+00 0.000000000000000000e+00 0.000000000000000000e+00 8.785352858672622460e+03 9.999206678366937551e-01
0.000000000000000000e+00 0.000000000000000000e+00 0.000000000000000000e+00 8.801268352981813223e+03 9.999403308965286730e-01
0.000000000000000000e+00 0.000000000000000000e+00 0.000000000000000000e+00 8.817183847291002166e+03 9.999562108278476913e-01
0.000000000000000000e+00 0.000000000000000000e+00 0.000000000000000000e+00 8.833099341600191110e+03 9.999687730544575270e-01
0.000000000000000000e+00 0.000000000000000000e+00 0.000000000000000000e+00 8.849014835909381873e+03 9.999784741301593893e-01
0.000000000000000000e+00 0.000000000000000000e+00 0.000000000000000000e+00 8.864930330218570816e+03 9.999857549134824053e-01
0.000000000000000000e+00 0.000000000000000000e+00 0.000000000000000000e+00 8.880845824527759760e+03 9.999910341415239046e-01
0.000000000000000000e+00 0.000000000000000000e+00 0.000000000000000000e+00 8.896761318836950522e+03 9.999947024807095408e-01
0.000000000000000000e+00 0.000000000000000000e+00 0.000000000000000000e+00 8.912676813146139466e+03 9.999971171251780255e-01
0.000000000000000000e+00 0.000000000000000000e+00 0.000000000000000000e+00 8.928592307455328410e+03 9.999985970056222140e-01
0.000000000000000000e+00 0.000000000000000000e+00 0.000000000000000000e+00 8.944507801764517353e+03 9.999994186629062032e-01
0.000000000000000000e+00 0.000000000000000000e+00 0.000000000000000000e+00 8.960423296073708116e+03 9.999998128317211243e-01
0.000000000000000000e+00 0.000000000000000000e+00 0.000000000000000000e+00 8.976338790382897059e+03 9.999999617700767729e-01
0.000000000000000000e+00 0.000000000000000000e+00 0.000000000000000000e+00 8.992254284692086003e+03 9.999999973606426007e-01
0.000000000000000000e+00 0.000000000000000000e+00 0.000000000000000000e+00 9.008169779001276765e+03 9.999999999999834577e-01
0.000000000000000000e+00 0.000000000000000000e+00 0.000000000000000000e+00 9.024085273310465709e+03 9.999999982816887290e-01
0.000000000000000000e+00 0.000000000000000000e+00 0.000000000000000000e+00 9.040000767619654653e+03 9.999999694693706420e-01
0.000000000000000000e+00 0.000000000000000000e+00 0.000000000000000000e+00 9.055916261928845415e+03 9.999998407456371918e-01
0.000000000000000000e+00 0.000000000000000000e+00 0.000000000000000000e+00 9.071831756238034359e+03 9.999994912135115044e-01
0.000000000000000000e+00 0.000000000000000000e+00 0.000000000000000000e+00 9.087747250547223302e+03 9.999987546174919917e-01
0.000000000000000000e+00 0.000000000000000000e+00 0.000000000000000000e+00 9.103662744856414065e+03 9.999974227426141615e-01
0.000000000000000000e+00 0.000000000000000000e+00 0.000000000000000000e+00 9.119578239165603009e+03 9.999952494415881299e-01
0.000000000000000000e+00 0.000000000000000000e+00 0.000000000000000000e+00 9.135493733474791952e+03 9.999919552324324501e-01
0.000000000000000000e+00 0.000000000000000000e+00 0.000000000000000000e+00 9.151409227783982715e+03 9.999872324020876446e-01
0.000000000000000000e+00 0.000000000000000000e+00 0.000000000000000000e+00 9.167324722093171658e+03 9.999807505453580658e-01
0.000000000000000000e+00 0.000000000000000000e+00 0.000000000000000000e+00 9.183240216402360602e+03 9.999721624632622596e-01
0.000000000000000000e+00 0.000000000000000000e+00 0.000000000000000000e+00 9.199155710711551365e+03 9.999611103405419144e-01
0.000000000000000000e+00 0.000000000000000000e+00 0.000000000000000000e+00 9.215071205020740308e+03 9.999472321187347079e-01
0.000000000000000000e+00 0.000000000000000000e+00 0.000000000000000000e+00 9.230986699329929252e+03 9.999301679789167618e-01
0.000000000000000000e+00 0.000000000000000000e+00 0.000000000000000000e+00 9.246902193639120014e+03 9.999095668469775156e-01
0.000000000000000000e+00 0.000000000000000000e+00 0.000000000000000000e+00 9.262817687948308958e+03 9.998850928341569411e-01
0.000000000000000000e+00 0.000000000000000000e+00 0.000000000000000000e+00 9.278733182257497901e+03 9.998564315265298097e-01
0.000000000000000000e+00 0.000000000000000000e+00 0.000000000000000000e+00 9.294648676566688664e+03 9.998232960391864044e-01
0.000000000000000000e+00 0.000000000000000000e+00 0.000000000000000000e+00 9.310564170875877608e+03 9.997854327539943409e-01
0.000000000000000000e+00 0.000000000000000000e+00 0.000000000000000000e+00 9.326479665185066551e+03 9.997426266640141446e-01
0.000000000000000000e+00 0.000000000000000000e+00 0.000000000000000000e+00 9.342395159494257314e+03 9.996947062528173111e-01
0.000000000000000000e+00 0.000000000000000000e+00 0.000000000000000000e+00 9.358310653803446257e+03 9.996415478430729085e-01
0.000000000000000000e+00 0.000000000000000000e+00 0.000000000000000000e+00 9.374226148112635201e+03 9.995830793557278771e-01
0.000000000000000000e+00 0.000000000000000000e+00 0.000000000000000000e+00 9.390141642421825964e+03 9.995192834288382233e-01
0.000000000000000000e+00 0.000000000000000000e+00 0.000000000000000000e+00 9.406057136731014907e+03 9.994501998534848219e-01
0.000000000000000000e+00 0.000000000000000000e+00 0.000000000000000000e+00 9.421972631040203851e+03 9.993759272931327375e-01
0.000000000000000000e+00 0.000000000000000000e+00 0.000000000000000000e+00 9.437888125349394613e+03 9.992966242621321715e-01
0.000000000000000000e+00 0.000000000000000000e+00 0.000000000000000000e+00 9.453803619658583557e+03 9.992125093486816656e-01
0.000000000000000000e+00 0.000000000000000000e+00 0.000000000000000000e+00 9.469719113967772500e+03 9.991238606773453768e-01
0.000000000000000000e+00 0.000000000000000000e+00 0.000000000000000000e+00 9.485634608276963263e+03 9.990310146160044091e-01
0.000000000000000000e+00 0.000000000000000000e+00 0.000000000000000000e+00 9.501550102586152207e+03 9.989343637417749111e-01
0.000000000000000000e+00 0.000000000000000000e+00 0.000000000000000000e+00 9.517465596895341150e+03 9.988343540898292350e-01
0.000000000000000000e+00 0.000000000000000000e+00 0.000000000000000000e+00 9.533381091204530094e+03 9.987314817180587001e-01
0.000000000000000000e+00 0.000000000000000000e+00 0.000000000000000000e+00 9.549296585513720856e+03 9.986262886290211416e-01
0.000000000000000000e+00 0.000000000000000000e+00 0.000000000000000000e+00 9.565212079822909800e+03 9.985193580984899064e-01
0.000000000000000000e+00 0.000000000000000000e+00 0.000000000000000000e+00 9.581127574132098744e+03 9.984113094670790112e-01
0.000000000000000000e+00 0.000000000000000000e+00 0.000000000000000000e+00 9.597043068441289506e+03 9.983027924577723144e-01
0.000000000000000000e+00 0.000000000000000000e+00 0.000000000000000000e+00 9.612958562750478450e+03 9.981944810876515195e-01
0.000000000000000000e+00 0.000000000000000000e+00 0.000000000000000000e+00 9.628874057059667393e+03 9.980870672466600757e-01
0.000000000000000000e+00 0.000000000000000000e+00 0.000000000000000000e+00 9.644789551368858156e+03 9.979812540197987580e-01
0.000000000000000000e+00 0.000000000000000000e+00 0.000000000000000000e+00 9.660705045678047099e+03 9.978777488317076561e-01
0.000000000000000000e+00 0.000000000000000000e+00 0.000000000000000000e+00 9.676620539987236043e+03 9.977772564941393973e-01
0.000000000000000000e+00 0.000000000000000000e+00 0.000000000000000000e+00 9.692536034296426806e+03 9.976804722373655565e-01
0.000000000000000000e+00 0.000000000000000000e+00 0.000000000000000000e+00 9.708451528605615749e+03 9.975880748061100034e-01
0.000000000000000000e+00 0.000000000000000000e+00 0.000000000000000000e+00 9.724367022914804693e+03 9.975007196991947378e-01
0.000000000000000000e+00 0.000000000000000000e+00 0.000000000000000000e+00 9.740282517223995455e+03 9.974190326297531772e-01
0.000000000000000000e+00 0.000000000000000000e+00 0.000000000000000000e+00 9.756198011533184399e+03 9.973436032796767492e-01
0.000000000000000000e+00 0.000000000000000000e+00 0.000000000000000000e+00 9.772113505842373343e+03 9.972749794179566196e-01
0.000000000000000000e+00 0.000000000000000000e+00 0.000000000000000000e+00 9.788029000151564105e+03 9.972136614478410710e-01
0.000000000000000000e+00 0.000000000000000000e+00 0.000000000000000000e+00 9.803944494460753049e+03 9.971600974423213692e-01
0.000000000000000000e+00 0.000000000000000000e+00 0.000000000000000000e+00 9.819859988769941992e+03 9.971146787214493212e-01
0.000000000000000000e+00 0.000000000000000000e+00 0.000000000000000000e+00 9.835775483079132755e+03 9.970777360184764904e-01
0.000000000000000000e+00 0.000000000000000000e+00 0.000000000000000000e+00 9.851690977388321699e+03 9.970495362748419410e-01
0.000000000000000000e+00 0.000000000000000000e+00 0.000000000000000000e+00 9.867606471697510642e+03 9.970302800967336676e-01
0.000000000000000000e+00 0.000000000000000000e+00 0.000000000000000000e+00 9.883521966006701405e+03 9.970200998983591578e-01
0.000000000000000000e+00 0.000000000000000000e+00 0.000000000000000000e+00 9.899437460315890348e+03 9.970190587492872014e-01
0.000000000000000000e+00 0.000000000000000000e+00 0.000000000000000000e+00 9.915352954625079292e+03 9.970271499353301481e-01
0.000000000000000000e+00 0.000000000000000000e+00 0.000000000000000000e+00 9.931268448934270054e+03 9.970442972345117116e-01
0.000000000000000000e+00 0.000000000000000000e+00 0.000000000000000000e+00 9.947183943243458998e+03 9.970703559017777273e-01
0.000000000000000000e+00 0.000000000000000000e+00 0.000000000000000000e+00 9.963099437552647942e+03 9.971051143483413703e-01
0.000000000000000000e+00 0.000000000000000000e+00 0.000000000000000000e+00 9.979014931861838704e+03 9.971482964939738514e-01
0.000000000000000000e+00 0.000000000000000000e+00 0.000000000000000000e+00 9.994930426171027648e+03 9.971995647632412307e-01
