# Tone frequency (Hz)	Measured Fidelity	Simulated Fidelity	Frequency (Hz)	Analytic Fidelity
0.000000000000000000e+00 9.906175699999999473e-01 9.999993184585530548e-01 1.591549430918953456e-01 9.999999923733988716e-01
1.500000000000000000e+02 9.923606499999999553e-01 9.937751041762133974e-01 1.591549430918953334e+01 9.999238137141851501e-01
3.000000000000000000e+02 9.802512500000000184e-01 9.811482796369566106e-01 3.183098861837906668e+01 9.996962097595158969e-01
4.500000000000000000e+02 9.810671800000000387e-01 9.742661686671230115e-01 4.774648292756860002e+01 9.993200387117047168e-01
6.000000000000000000e+02 9.759410600000000269e-01 9.798650761345280014e-01 6.366197723675813336e+01 9.988000047409630877e-01
7.500000000000000000e+02 9.886958599999999819e-01 9.928575583665374404e-01 7.957747154594767380e+01 9.981425965338801554e-01
9.000000000000000000e+02 9.924209699999999579e-01 9.999990187552105780e-01 9.549296585513720004e+01 9.973559927529006552e-01
1.050000000000000000e+03 9.881439800000000329e-01 9.919688396186627788e-01 1.114084601643267405e+02 9.964499441046350547e-01
1.200000000000000000e+03 9.805443900000000435e-01 9.735621708692907550e-01 1.273239544735162667e+02 9.954356345463318823e-01
1.350000000000000000e+03 9.635228500000000418e-01 9.605398881397562150e-01 1.432394487827058072e+02 9.943255245274069676e-01
1.500000000000000000e+03 9.659626500000000338e-01 9.656797049838967695e-01 1.591549430918953476e+02 9.931331794297776350e-01
1.650000000000000000e+03 9.854922299999999691e-01 9.861005256997833479e-01 1.750704374010848881e+02 9.918730865316993661e-01
1.800000000000000000e+03 9.933261300000000293e-01 9.999966429790039246e-01 1.909859317102744001e+02 9.905604638746015045e-01
1.950000000000000000e+03 9.835467300000000357e-01 9.786543667503193600e-01 2.069014260194639405e+02 9.892110643656149005e-01
2.100000000000000000e+03 9.180830700000000011e-01 9.114001251907140055e-01 2.228169203286534810e+02 9.878409783088796248e-01
2.250000000000000000e+03 8.186398700000000472e-01 8.191836704699054783e-01 2.387324146378430214e+02 9.864664373386906604e-01
2.400000000000000000e+03 7.369295999999999625e-01 7.382295836128399680e-01 2.546479089470325334e+02 9.851036224421938492e-01
2.550000000000000000e+03 6.990262299999999707e-01 6.949604194723086881e-01 2.705634032562221023e+02 9.837684784255678050e-01
2.700000000000000000e+03 7.153760799999999698e-01 6.985042419181397566e-01 2.864788975654116143e+02 9.824765368131644916e-01
2.850000000000000000e+03 7.394233900000000137e-01 7.453161164764795510e-01 3.023943918746011263e+02 9.812427487915871271e-01
3.000000000000000000e+03 8.068585400000000130e-01 8.209447928968980346e-01 3.183098861837906952e+02 9.800813294369372652e-01
3.150000000000000000e+03 9.034150800000000370e-01 9.011686222302788263e-01 3.342253804929802072e+02 9.790056141086389552e-01
3.300000000000000000e+03 9.578837199999999941e-01 9.618204443439243301e-01 3.501408748021697761e+02 9.780279275704043540e-01
3.450000000000000000e+03 9.854753000000000540e-01 9.926080681531577188e-01 3.660563691113592881e+02 9.771594661185665220e-01
3.600000000000000000e+03 9.865499699999999983e-01 9.999966216688808140e-01 3.819718634205488001e+02 9.764101927679442738e-01
3.750000000000000000e+03 9.877108300000000396e-01 9.974618268095616358e-01 3.978873577297383690e+02 9.757887453705558212e-01
3.900000000000000000e+03 9.770528699999999622e-01 9.949652000608180114e-01 4.138028520389278810e+02 9.753023574249879424e-01
4.050000000000000000e+03 9.883331100000000147e-01 9.955561122936774643e-01 4.297183463481174499e+02 9.749567912735003228e-01
4.200000000000000000e+03 9.877330100000000224e-01 9.977833878828903380e-01 4.456338406573069619e+02 9.747562833769941593e-01
4.350000000000000000e+03 9.928702099999999753e-01 9.995037493861465006e-01 4.615493349664964740e+02 9.747035013995684061e-01
4.500000000000000000e+03 9.886272499999999575e-01 9.999990198350197090e-01 4.774648292756860428e+02 9.747995129174135132e-01
4.650000000000000000e+03 9.901113499999999457e-01 9.998284236304499917e-01 4.933803235848755548e+02 9.750437656824972876e-01
4.800000000000000000e+03 9.922387599999999974e-01 9.996970460466079178e-01 5.092958178940650669e+02 9.754340795098853656e-01
4.950000000000000000e+03 9.920205500000000010e-01 9.997922530840772648e-01 5.252113122032545789e+02 9.759666500076231710e-01
5.100000000000000000e+03 9.927443299999999526e-01 9.999360975258110296e-01 5.411268065124442046e+02 9.766360645182857736e-01
5.250000000000000000e+03 9.925314200000000531e-01 9.999945573359789730e-01 5.570423008216337166e+02 9.774353307796803669e-01
5.400000000000000000e+03 9.912075399999999981e-01 9.999993187827795893e-01 5.729577951308232286e+02 9.783559189269253054e-01
5.550000000000000000e+03 9.925556199999999718e-01 9.999945464393880101e-01 5.888732894400127407e+02 9.793878175378406548e-01
5.700000000000000000e+03 9.932720099999999830e-01 9.999447880760337082e-01 6.047887837492022527e+02 9.805196044577212389e-01
5.850000000000000000e+03 9.875816099999999986e-01 9.998393391152589071e-01 6.207042780583918784e+02 9.817385331188540620e-01
6.000000000000000000e+03 9.899035699999999549e-01 9.997861204425916304e-01 6.366197723675813904e+02 9.830306349870667759e-01
6.150000000000000000e+03 9.895331299999999830e-01 9.998835804838126506e-01 6.525352666767709024e+02 9.843808386168129143e-01
6.300000000000000000e+03 9.897078299999999551e-01 9.999990186750817855e-01 6.684507609859604145e+02 9.857731055751458582e-01
6.450000000000000000e+03 9.869723900000000327e-01 9.997973272008687795e-01 6.843662552951499265e+02 9.871905832038017081e-01
6.600000000000000000e+03 9.840096799999999977e-01 9.991269905887950609e-01 7.002817496043395522e+02 9.886157738313109400e-01
6.750000000000000000e+03 9.898697699999999822e-01 9.983839752456656891e-01 7.161972439135290642e+02 9.900307196310700331e-01
6.900000000000000000e+03 9.914947699999999697e-01 9.983126894405615070e-01 7.321127382227185763e+02 9.914172018578137902e-01
7.000000000000000000e+03 9.850972900000000143e-01 9.991844195537755713e-01 7.480282325319080883e+02 9.927569526987962689e-01
7.150000000000000000e+03 9.924278300000000108e-01 9.999966717170138963e-01 7.639437268410976003e+02 9.940318774653629230e-01
7.300000000000000000e+03 9.873808600000000268e-01 9.985925842960773346e-01 7.798592211502872260e+02 9.952242843464178534e-01
7.450000000000000000e+03 9.872072899999999596e-01 9.930021870498551007e-01 7.957747154594767380e+02 9.963171184704658900e-01
7.600000000000000000e+03 9.743568900000000310e-01 9.832036687023156807e-01 8.116902097686662501e+02 9.972941966013144643e-01
7.750000000000000000e+03 9.759263999999999717e-01 9.718459478655239181e-01 8.276057040778557621e+02 9.981404384478165248e-01
7.900000000000000000e+03 9.616719500000000531e-01 9.631369215110708870e-01 8.435211983870452741e+02 9.988420903223216296e-01
8.050000000000000000e+03 9.592606399999999978e-01 9.605881456918391459e-01 8.594366926962348998e+02 9.993869367549779170e-01
8.200000000000000000e+03 9.608552500000000496e-01 9.651537652004587020e-01 8.753521870054244118e+02 9.997644956766531532e-01
8.350000000000000000e+03 9.689800100000000027e-01 9.747984055332075126e-01 8.912676813146139239e+02 9.999661929315696307e-01
8.500000000000000000e+03 9.818649299999999691e-01 9.856799561832163548e-01 9.071831756238034359e+02 9.999855121749814391e-01
8.650000000000000000e+03 9.912417500000000325e-01 9.942184362347432636e-01 9.230986699329929479e+02 9.998181166476238779e-01
8.800000000000000000e+03 9.892456499999999764e-01 9.987895244062212630e-01 9.390141642421825736e+02 9.994619398863604509e-01
8.950000000000000000e+03 9.919679799999999714e-01 9.999965985714764916e-01 9.549296585513720856e+02 9.989172431116681850e-01
9.100000000000000000e+03 9.899733699999999637e-01 9.996006326573487755e-01 9.708451528605615977e+02 9.981866378033736886e-01
9.250000000000000000e+03 9.868893600000000488e-01 9.991337832321696144e-01 9.867606471697511097e+02 9.972750728073573878e-01
9.400000000000000000e+03 9.889605000000000201e-01 9.991861868195492935e-01 1.002676141478940622e+03 9.961897861751825012e-01
9.550000000000000000e+03 9.920434999999999670e-01 9.995691777416011448e-01 1.018591635788130134e+03 9.949402227913222152e-01
9.700000000000000000e+03 9.918022800000000361e-01 9.998953942579014154e-01 1.034507130097319759e+03 9.935379196545290892e-01
9.850000000000000000e+03 9.864248599999999589e-01 9.999990204959041673e-01 1.050422624406509158e+03 9.919963614184614809e-01
0.000000000000000000e+00 0.000000000000000000e+00 0.000000000000000000e+00 1.066338118715698783e+03 9.903308094333391765e-01
0.000000000000000000e+00 0.000000000000000000e+00 0.000000000000000000e+00 1.082253613024888409e+03 9.885581080417108479e-01
0.000000000000000000e+00 0.000000000000000000e+00 0.000000000000000000e+00 1.098169107334077808e+03 9.866964722504183438e-01
0.000000000000000000e+00 0.000000000000000000e+00 0.000000000000000000e+00 1.114084601643267433e+03 9.847652611177404314e-01
0.000000000000000000e+00 0.000000000000000000e+00 0.000000000000000000e+00 1.130000095952456832e+03 9.827847412570980268e-01
0.000000000000000000e+00 0.000000000000000000e+00 0.000000000000000000e+00 1.145915590261646457e+03 9.807758447715264616e-01
0.000000000000000000e+00 0.000000000000000000e+00 0.000000000000000000e+00 1.161831084570836083e+03 9.787599257079014903e-01
0.000000000000000000e+00 0.000000000000000000e+00 0.000000000000000000e+00 1.177746578880025481e+03 9.767585187738760943e-01
0.000000000000000000e+00 0.000000000000000000e+00 0.000000000000000000e+00 1.193662073189215107e+03 9.747931036154076079e-01
0.000000000000000000e+00 0.000000000000000000e+00 0.000000000000000000e+00 1.209577567498404505e+03 9.728848774334186711e-01
0.000000000000000000e+00 0.000000000000000000e+00 0.000000000000000000e+00 1.225493061807594131e+03 9.710545381511043184e-01
0.000000000000000000e+00 0.000000000000000000e+00 0.000000000000000000e+00 1.241408556116783757e+03 9.693220797554835677e-01
0.000000000000000000e+00 0.000000000000000000e+00 0.000000000000000000e+00 1.257324050425973155e+03 9.677066008539210173e-01
0.000000000000000000e+00 0.000000000000000000e+00 0.000000000000000000e+00 1.273239544735162781e+03 9.662261269324595725e-01
0.000000000000000000e+00 0.000000000000000000e+00 0.000000000000000000e+00 1.289155039044352179e+03 9.648974462990747014e-01
0.000000000000000000e+00 0.000000000000000000e+00 0.000000000000000000e+00 1.305070533353541805e+03 9.637359592592360524e-01
0.000000000000000000e+00 0.000000000000000000e+00 0.000000000000000000e+00 1.320986027662731431e+03 9.627555397176432717e-01
0.000000000000000000e+00 0.000000000000000000e+00 0.000000000000000000e+00 1.336901521971920829e+03 9.619684081391635111e-01
0.000000000000000000e+00 0.000000000000000000e+00 0.000000000000000000e+00 1.352817016281110455e+03 9.613850146406487385e-01
0.000000000000000000e+00 0.000000000000000000e+00 0.000000000000000000e+00 1.368732510590299853e+03 9.610139309268415087e-01
0.000000000000000000e+00 0.000000000000000000e+00 0.000000000000000000e+00 1.384648004899489479e+03 9.608617498281893932e-01
0.000000000000000000e+00 0.000000000000000000e+00 0.000000000000000000e+00 1.400563499208679104e+03 9.609329913434447867e-01
0.000000000000000000e+00 0.000000000000000000e+00 0.000000000000000000e+00 1.416478993517868503e+03 9.612300143302185962e-01
0.000000000000000000e+00 0.000000000000000000e+00 0.000000000000000000e+00 1.432394487827058128e+03 9.617529333145906634e-01
0.000000000000000000e+00 0.000000000000000000e+00 0.000000000000000000e+00 1.448309982136247527e+03 9.624995402966849412e-01
0.000000000000000000e+00 0.000000000000000000e+00 0.000000000000000000e+00 1.464225476445437153e+03 9.634652319008294441e-01
0.000000000000000000e+00 0.000000000000000000e+00 0.000000000000000000e+00 1.480140970754626778e+03 9.646429427423520719e-01
0.000000000000000000e+00 0.000000000000000000e+00 0.000000000000000000e+00 1.496056465063816177e+03 9.660230864417662655e-01
0.000000000000000000e+00 0.000000000000000000e+00 0.000000000000000000e+00 1.511971959373005802e+03 9.675935062921149354e-01
0.000000000000000000e+00 0.000000000000000000e+00 0.000000000000000000e+00 1.527887453682195201e+03 9.693394381551140304e-01
0.000000000000000000e+00 0.000000000000000000e+00 0.000000000000000000e+00 1.543802947991384826e+03 9.712434887023775332e-01
0.000000000000000000e+00 0.000000000000000000e+00 0.000000000000000000e+00 1.559718442300574452e+03 9.732856326028830329e-01
0.000000000000000000e+00 0.000000000000000000e+00 0.000000000000000000e+00 1.575633936609763850e+03 9.754432326582089807e-01
0.000000000000000000e+00 0.000000000000000000e+00 0.000000000000000000e+00 1.591549430918953476e+03 9.776910871726901542e-01
0.000000000000000000e+00 0.000000000000000000e+00 0.000000000000000000e+00 1.607464925228142874e+03 9.800015089855234063e-01
0.000000000000000000e+00 0.000000000000000000e+00 0.000000000000000000e+00 1.623380419537332500e+03 9.823444405557255621e-01
0.000000000000000000e+00 0.000000000000000000e+00 0.000000000000000000e+00 1.639295913846522126e+03 9.846876092506235967e-01
0.000000000000000000e+00 0.000000000000000000e+00 0.000000000000000000e+00 1.655211408155711524e+03 9.869967265204209195e-01
0.000000000000000000e+00 0.000000000000000000e+00 0.000000000000000000e+00 1.671126902464901150e+03 9.892357339279809203e-01
0.000000000000000000e+00 0.000000000000000000e+00 0.000000000000000000e+00 1.687042396774090548e+03 9.913670980357744966e-01
0.000000000000000000e+00 0.000000000000000000e+00 0.000000000000000000e+00 1.702957891083280174e+03 9.933521549336234990e-01
0.000000000000000000e+00 0.000000000000000000e+00 0.000000000000000000e+00 1.718873385392469800e+03 9.951515037374402128e-01
0.000000000000000000e+00 0.000000000000000000e+00 0.000000000000000000e+00 1.734788879701659198e+03 9.967254467315804778e-01
0.000000000000000000e+00 0.000000000000000000e+00 0.000000000000000000e+00 1.750704374010848824e+03 9.980344720125754465e-01
0.000000000000000000e+00 0.000000000000000000e+00 0.000000000000000000e+00 1.766619868320038222e+03 9.990397725826686282e-01
0.000000000000000000e+00 0.000000000000000000e+00 0.000000000000000000e+00 1.782535362629227848e+03 9.997037939152164654e-01
0.000000000000000000e+00 0.000000000000000000e+00 0.000000000000000000e+00 1.798450856938417473e+03 9.999908001603161622e-01
0.000000000000000000e+00 0.000000000000000000e+00 0.000000000000000000e+00 1.814366351247606872e+03 9.998674474760452791e-01
0.000000000000000000e+00 0.000000000000000000e+00 0.000000000000000000e+00 1.830281845556796497e+03 9.993033515598210847e-01
0.000000000000000000e+00 0.000000000000000000e+00 0.000000000000000000e+00 1.846197339865985896e+03 9.982716354141507598e-01
0.000000000000000000e+00 0.000000000000000000e+00 0.000000000000000000e+00 1.862112834175175522e+03 9.967494428004480822e-01
0.000000000000000000e+00 0.000000000000000000e+00 0.000000000000000000e+00 1.878028328484365147e+03 9.947184027860590527e-01
0.000000000000000000e+00 0.000000000000000000e+00 0.000000000000000000e+00 1.893943822793554546e+03 9.921650313225218731e-01
0.000000000000000000e+00 0.000000000000000000e+00 0.000000000000000000e+00 1.909859317102744171e+03 9.890810569280653608e-01
0.000000000000000000e+00 0.000000000000000000e+00 0.000000000000000000e+00 1.925774811411933570e+03 9.854636592725025679e-01
0.000000000000000000e+00 0.000000000000000000e+00 0.000000000000000000e+00 1.941690305721123195e+03 9.813156117316480520e-01
0.000000000000000000e+00 0.000000000000000000e+00 0.000000000000000000e+00 1.957605800030312594e+03 9.766453217109687390e-01
0.000000000000000000e+00 0.000000000000000000e+00 0.000000000000000000e+00 1.973521294339502219e+03 9.714667656236219972e-01
0.000000000000000000e+00 0.000000000000000000e+00 0.000000000000000000e+00 1.989436788648691845e+03 9.657993187106836963e-01
0.000000000000000000e+00 0.000000000000000000e+00 0.000000000000000000e+00 2.005352282957881243e+03 9.596674832586815640e-01
0.000000000000000000e+00 0.000000000000000000e+00 0.000000000000000000e+00 2.021267777267070869e+03 9.531005220415034174e-01
0.000000000000000000e+00 0.000000000000000000e+00 0.000000000000000000e+00 2.037183271576260267e+03 9.461320068332117472e-01
0.000000000000000000e+00 0.000000000000000000e+00 0.000000000000000000e+00 2.053098765885450121e+03 9.387992944613299251e-01
0.000000000000000000e+00 0.000000000000000000e+00 0.000000000000000000e+00 2.069014260194639519e+03 9.311429449753819698e-01
0.000000000000000000e+00 0.000000000000000000e+00 0.000000000000000000e+00 2.084929754503828917e+03 9.232060980017829932e-01
0.000000000000000000e+00 0.000000000000000000e+00 0.000000000000000000e+00 2.100845248813018316e+03 9.150338241881033063e-01
0.000000000000000000e+00 0.000000000000000000e+00 0.000000000000000000e+00 2.116760743122208169e+03 9.066724687900544755e-01
0.000000000000000000e+00 0.000000000000000000e+00 0.000000000000000000e+00 2.132676237431397567e+03 8.981690039439698126e-01
0.000000000000000000e+00 0.000000000000000000e+00 0.000000000000000000e+00 2.148591731740586965e+03 8.895704050517931893e-01
0.000000000000000000e+00 0.000000000000000000e+00 0.000000000000000000e+00 2.164507226049776818e+03 8.809230650697972287e-01
0.000000000000000000e+00 0.000000000000000000e+00 0.000000000000000000e+00 2.180422720358966217e+03 8.722722584440516513e-01
0.000000000000000000e+00 0.000000000000000000e+00 0.000000000000000000e+00 2.196338214668155615e+03 8.636616640966451319e-01
0.000000000000000000e+00 0.000000000000000000e+00 0.000000000000000000e+00 2.212253708977345468e+03 8.551329543639647479e-01
0.000000000000000000e+00 0.000000000000000000e+00 0.000000000000000000e+00 2.228169203286534866e+03 8.467254542463021894e-01
0.000000000000000000e+00 0.000000000000000000e+00 0.000000000000000000e+00 2.244084697595724265e+03 8.384758728609991163e-01
0.000000000000000000e+00 0.000000000000000000e+00 0.000000000000000000e+00 2.260000191904913663e+03 8.304181066978510994e-01
0.000000000000000000e+00 0.000000000000000000e+00 0.000000000000000000e+00 2.275915686214103516e+03 8.225831122342279755e-01
0.000000000000000000e+00 0.000000000000000000e+00 0.000000000000000000e+00 2.291831180523292915e+03 8.149988437350095261e-01
0.000000000000000000e+00 0.000000000000000000e+00 0.000000000000000000e+00 2.307746674832482313e+03 8.076902506730754272e-01
0.000000000000000000e+00 0.000000000000000000e+00 0.000000000000000000e+00 2.323662169141672166e+03 8.006793281724402522e-01
0.000000000000000000e+00 0.000000000000000000e+00 0.000000000000000000e+00 2.339577663450861564e+03 7.939852131917621847e-01
0.000000000000000000e+00 0.000000000000000000e+00 0.000000000000000000e+00 2.355493157760050963e+03 7.876243188085885194e-01
0.000000000000000000e+00 0.000000000000000000e+00 0.000000000000000000e+00 2.371408652069240816e+03 7.816104988998567871e-01
0.000000000000000000e+00 0.000000000000000000e+00 0.000000000000000000e+00 2.387324146378430214e+03 7.759552356990682132e-01
0.000000000000000000e+00 0.000000000000000000e+00 0.000000000000000000e+00 2.403239640687619612e+03 7.706678430978270988e-01
0.000000000000000000e+00 0.000000000000000000e+00 0.000000000000000000e+00 2.419155134996809011e+03 7.657556791004862529e-01
0.000000000000000000e+00 0.000000000000000000e+00 0.000000000000000000e+00 2.435070629305998864e+03 7.612243614884413034e-01
0.000000000000000000e+00 0.000000000000000000e+00 0.000000000000000000e+00 2.450986123615188262e+03 7.570779814619081893e-01
0.000000000000000000e+00 0.000000000000000000e+00 0.000000000000000000e+00 2.466901617924377661e+03 7.533193107638709307e-01
0.000000000000000000e+00 0.000000000000000000e+00 0.000000000000000000e+00 2.482817112233567514e+03 7.499499985216661058e-01
0.000000000000000000e+00 0.000000000000000000e+00 0.000000000000000000e+00 2.498732606542756912e+03 7.469707547413709792e-01
0.000000000000000000e+00 0.000000000000000000e+00 0.000000000000000000e+00 2.514648100851946310e+03 7.443815180405064513e-01
0.000000000000000000e+00 0.000000000000000000e+00 0.000000000000000000e+00 2.530563595161136163e+03 7.421816057934559341e-01
0.000000000000000000e+00 0.000000000000000000e+00 0.000000000000000000e+00 2.546479089470325562e+03 7.403698453850406924e-01
0.000000000000000000e+00 0.000000000000000000e+00 0.000000000000000000e+00 2.562394583779514960e+03 7.389446857192805140e-01
0.000000000000000000e+00 0.000000000000000000e+00 0.000000000000000000e+00 2.578310078088704358e+03 7.379042885149503794e-01
0.000000000000000000e+00 0.000000000000000000e+00 0.000000000000000000e+00 2.594225572397894211e+03 7.372465992426355808e-01
0.000000000000000000e+00 0.000000000000000000e+00 0.000000000000000000e+00 2.610141066707083610e+03 7.369693978274434176e-01
0.000000000000000000e+00 0.000000000000000000e+00 0.000000000000000000e+00 2.626056561016273008e+03 7.370703294666760552e-01
0.000000000000000000e+00 0.000000000000000000e+00 0.000000000000000000e+00 2.641972055325462861e+03 7.375469161027685683e-01
0.000000000000000000e+00 0.000000000000000000e+00 0.000000000000000000e+00 2.657887549634652260e+03 7.383965492590038870e-01
0.000000000000000000e+00 0.000000000000000000e+00 0.000000000000000000e+00 2.673803043943841658e+03 7.396164650989481837e-01
0.000000000000000000e+00 0.000000000000000000e+00 0.000000000000000000e+00 2.689718538253031056e+03 7.412037027194046113e-01
0.000000000000000000e+00 0.000000000000000000e+00 0.000000000000000000e+00 2.705634032562220909e+03 7.431550468389886976e-01
0.000000000000000000e+00 0.000000000000000000e+00 0.000000000000000000e+00 2.721549526871410308e+03 7.454669562066051913e-01
0.000000000000000000e+00 0.000000000000000000e+00 0.000000000000000000e+00 2.737465021180599706e+03 7.481354792307624013e-01
0.000000000000000000e+00 0.000000000000000000e+00 0.000000000000000000e+00 2.753380515489789559e+03 7.511561585242773065e-01
0.000000000000000000e+00 0.000000000000000000e+00 0.000000000000000000e+00 2.769296009798978957e+03 7.545239262696687987e-01
0.000000000000000000e+00 0.000000000000000000e+00 0.000000000000000000e+00 2.785211504108168356e+03 7.582329925361196432e-01
0.000000000000000000e+00 0.000000000000000000e+00 0.000000000000000000e+00 2.801126998417358209e+03 7.622767289144958269e-01
0.000000000000000000e+00 0.000000000000000000e+00 0.000000000000000000e+00 2.817042492726547607e+03 7.666475500752076844e-01
0.000000000000000000e+00 0.000000000000000000e+00 0.000000000000000000e+00 2.832957987035737005e+03 7.713367960849524252e-01
0.000000000000000000e+00 0.000000000000000000e+00 0.000000000000000000e+00 2.848873481344926404e+03 7.763346185307122838e-01
0.000000000000000000e+00 0.000000000000000000e+00 0.000000000000000000e+00 2.864788975654116257e+03 7.816298736791658097e-01
0.000000000000000000e+00 0.000000000000000000e+00 0.000000000000000000e+00 2.880704469963305655e+03 7.872100260320370468e-01
0.000000000000000000e+00 0.000000000000000000e+00 0.000000000000000000e+00 2.896619964272495054e+03 7.930610657074572689e-01
0.000000000000000000e+00 0.000000000000000000e+00 0.000000000000000000e+00 2.912535458581684907e+03 7.991674430690332009e-01
0.000000000000000000e+00 0.000000000000000000e+00 0.000000000000000000e+00 2.928450952890874305e+03 8.055120239241052582e-01
0.000000000000000000e+00 0.000000000000000000e+00 0.000000000000000000e+00 2.944366447200063703e+03 8.120760684089658454e-01
0.000000000000000000e+00 0.000000000000000000e+00 0.000000000000000000e+00 2.960281941509253556e+03 8.188392363631642468e-01
0.000000000000000000e+00 0.000000000000000000e+00 0.000000000000000000e+00 2.976197435818442955e+03 8.257796215632497994e-01
0.000000000000000000e+00 0.000000000000000000e+00 0.000000000000000000e+00 2.992112930127632353e+03 8.328738166392608555e-01
0.000000000000000000e+00 0.000000000000000000e+00 0.000000000000000000e+00 3.008028424436821751e+03 8.400970098415323495e-01
0.000000000000000000e+00 0.000000000000000000e+00 0.000000000000000000e+00 3.023943918746011605e+03 8.474231140736347978e-01
0.000000000000000000e+00 0.000000000000000000e+00 0.000000000000000000e+00 3.039859413055201003e+03 8.548249277782237199e-01
0.000000000000000000e+00 0.000000000000000000e+00 0.000000000000000000e+00 3.055774907364390401e+03 8.622743263807924885e-01
0.000000000000000000e+00 0.000000000000000000e+00 0.000000000000000000e+00 3.071690401673580254e+03 8.697424820912303955e-01
0.000000000000000000e+00 0.000000000000000000e+00 0.000000000000000000e+00 3.087605895982769653e+03 8.772001089679943853e-01
0.000000000000000000e+00 0.000000000000000000e+00 0.000000000000000000e+00 3.103521390291959051e+03 8.846177293001216135e-01
0.000000000000000000e+00 0.000000000000000000e+00 0.000000000000000000e+00 3.119436884601148904e+03 8.919659565943203194e-01
0.000000000000000000e+00 0.000000000000000000e+00 0.000000000000000000e+00 3.135352378910338302e+03 8.992157898025222584e-01
0.000000000000000000e+00 0.000000000000000000e+00 0.000000000000000000e+00 3.151267873219527701e+03 9.063389129206573802e-01
0.000000000000000000e+00 0.000000000000000000e+00 0.000000000000000000e+00 3.167183367528717099e+03 9.133079937577798235e-01
0.000000000000000000e+00 0.000000000000000000e+00 0.000000000000000000e+00 3.183098861837906952e+03 9.200969755347383483e-01
0.000000000000000000e+00 0.000000000000000000e+00 0.000000000000000000e+00 3.199014356147096350e+03 9.266813550337824612e-01
0.000000000000000000e+00 0.000000000000000000e+00 0.000000000000000000e+00 3.214929850456285749e+03 9.330384412862122723e-01
0.000000000000000000e+00 0.000000000000000000e+00 0.000000000000000000e+00 3.230845344765475602e+03 9.391475892464311581e-01
0.000000000000000000e+00 0.000000000000000000e+00 0.000000000000000000e+00 3.246760839074665000e+03 9.449904035405903846e-01
0.000000000000000000e+00 0.000000000000000000e+00 0.000000000000000000e+00 3.262676333383854399e+03 9.505509081713459096e-01
0.000000000000000000e+00 0.000000000000000000e+00 0.000000000000000000e+00 3.278591827693044252e+03 9.558156789752678684e-01
0.000000000000000000e+00 0.000000000000000000e+00 0.000000000000000000e+00 3.294507322002233650e+03 9.607739366293559513e-01
0.000000000000000000e+00 0.000000000000000000e+00 0.000000000000000000e+00 3.310422816311423048e+03 9.654175990482071201e-01
0.000000000000000000e+00 0.000000000000000000e+00 0.000000000000000000e+00 3.326338310620612447e+03 9.697412930631622574e-01
0.000000000000000000e+00 0.000000000000000000e+00 0.000000000000000000e+00 3.342253804929802300e+03 9.737423262900376519e-01
0.000000000000000000e+00 0.000000000000000000e+00 0.000000000000000000e+00 3.358169299238991698e+03 9.774206210369698056e-01
0.000000000000000000e+00 0.000000000000000000e+00 0.000000000000000000e+00 3.374084793548181096e+03 9.807786129475020154e-01
0.000000000000000000e+00 0.000000000000000000e+00 0.000000000000000000e+00 3.390000287857370949e+03 9.838211177915635597e-01
0.000000000000000000e+00 0.000000000000000000e+00 0.000000000000000000e+00 3.405915782166560348e+03 9.865551703907046166e-01
0.000000000000000000e+00 0.000000000000000000e+00 0.000000000000000000e+00 3.421831276475749746e+03 9.889898400834871151e-01
0.000000000000000000e+00 0.000000000000000000e+00 0.000000000000000000e+00 3.437746770784939599e+03 9.911360273992111392e-01
0.000000000000000000e+00 0.000000000000000000e+00 0.000000000000000000e+00 3.453662265094128998e+03 9.930062467169007423e-01
0.000000000000000000e+00 0.000000000000000000e+00 0.000000000000000000e+00 3.469577759403318396e+03 9.946143996513878704e-01
0.000000000000000000e+00 0.000000000000000000e+00 0.000000000000000000e+00 3.485493253712507794e+03 9.959755437440300785e-01
0.000000000000000000e+00 0.000000000000000000e+00 0.000000000000000000e+00 3.501408748021697647e+03 9.971056607603907551e-01
0.000000000000000000e+00 0.000000000000000000e+00 0.000000000000000000e+00 3.517324242330887046e+03 9.980214285318873557e-01
0.000000000000000000e+00 0.000000000000000000e+00 0.000000000000000000e+00 3.533239736640076444e+03 9.987399998448691640e-01
0.000000000000000000e+00 0.000000000000000000e+00 0.000000000000000000e+00 3.549155230949266297e+03 9.992787914008476324e-01
0.000000000000000000e+00 0.000000000000000000e+00 0.000000000000000000e+00 3.565070725258455695e+03 9.996552853666608174e-01
0.000000000000000000e+00 0.000000000000000000e+00 0.000000000000000000e+00 3.580986219567645094e+03 9.998868455224722007e-01
0.000000000000000000e+00 0.000000000000000000e+00 0.000000000000000000e+00 3.596901713876834947e+03 9.999905495155452240e-01
0.000000000000000000e+00 0.000000000000000000e+00 0.000000000000000000e+00 3.612817208186024345e+03 9.999830382528167583e-01
0.000000000000000000e+00 0.000000000000000000e+00 0.000000000000000000e+00 3.628732702495213744e+03 9.998803830265216019e-01
0.000000000000000000e+00 0.000000000000000000e+00 0.000000000000000000e+00 3.644648196804403142e+03 9.996979705726580789e-01
0.000000000000000000e+00 0.000000000000000000e+00 0.000000000000000000e+00 3.660563691113592995e+03 9.994504059171762655e-01
0.000000000000000000e+00 0.000000000000000000e+00 0.000000000000000000e+00 3.676479185422782393e+03 9.991514325720831646e-01
0.000000000000000000e+00 0.000000000000000000e+00 0.000000000000000000e+00 3.692394679731971792e+03 9.988138694035026965e-01
0.000000000000000000e+00 0.000000000000000000e+00 0.000000000000000000e+00 3.708310174041161645e+03 9.984495633045280538e-01
0.000000000000000000e+00 0.000000000000000000e+00 0.000000000000000000e+00 3.724225668350351043e+03 9.980693566643228376e-01
0.000000000000000000e+00 0.000000000000000000e+00 0.000000000000000000e+00 3.740141162659540441e+03 9.976830685270815513e-01
0.000000000000000000e+00 0.000000000000000000e+00 0.000000000000000000e+00 3.756056656968730294e+03 9.972994882751313739e-01
0.000000000000000000e+00 0.000000000000000000e+00 0.000000000000000000e+00 3.771972151277919693e+03 9.969263806441458486e-01
0.000000000000000000e+00 0.000000000000000000e+00 0.000000000000000000e+00 3.787887645587109091e+03 9.965705008795653352e-01
0.000000000000000000e+00 0.000000000000000000e+00 0.000000000000000000e+00 3.803803139896298489e+03 9.962376188663706333e-01
0.000000000000000000e+00 0.000000000000000000e+00 0.000000000000000000e+00 3.819718634205488343e+03 9.959325511041419166e-01
0.000000000000000000e+00 0.000000000000000000e+00 0.000000000000000000e+00 3.835634128514677741e+03 9.956591994511387878e-01
0.000000000000000000e+00 0.000000000000000000e+00 0.000000000000000000e+00 3.851549622823867139e+03 9.954205956207584638e-01
0.000000000000000000e+00 0.000000000000000000e+00 0.000000000000000000e+00 3.867465117133056992e+03 9.952189504776148832e-01
0.000000000000000000e+00 0.000000000000000000e+00 0.000000000000000000e+00 3.883380611442246391e+03 9.950557072457114627e-01
0.000000000000000000e+00 0.000000000000000000e+00 0.000000000000000000e+00 3.899296105751435789e+03 9.949315978054571463e-01
0.000000000000000000e+00 0.000000000000000000e+00 0.000000000000000000e+00 3.915211600060625187e+03 9.948467013179327356e-01
0.000000000000000000e+00 0.000000000000000000e+00 0.000000000000000000e+00 3.931127094369815040e+03 9.948005044727281643e-01
0.000000000000000000e+00 0.000000000000000000e+00 0.000000000000000000e+00 3.947042588679004439e+03 9.947919627092289829e-01
0.000000000000000000e+00 0.000000000000000000e+00 0.000000000000000000e+00 3.962958082988193837e+03 9.948195618102458893e-01
0.000000000000000000e+00 0.000000000000000000e+00 0.000000000000000000e+00 3.978873577297383690e+03 9.948813793115341975e-01
0.000000000000000000e+00 0.000000000000000000e+00 0.000000000000000000e+00 3.994789071606573089e+03 9.949751452114806716e-01
0.000000000000000000e+00 0.000000000000000000e+00 0.000000000000000000e+00 4.010704565915762487e+03 9.950983015027146106e-01
0.000000000000000000e+00 0.000000000000000000e+00 0.000000000000000000e+00 4.026620060224952340e+03 9.952480600823999657e-01
0.000000000000000000e+00 0.000000000000000000e+00 0.000000000000000000e+00 4.042535554534141738e+03 9.954214586313450130e-01
0.000000000000000000e+00 0.000000000000000000e+00 0.000000000000000000e+00 4.058451048843331137e+03 9.956154140846673606e-01
0.000000000000000000e+00 0.000000000000000000e+00 0.000000000000000000e+00 4.074366543152520535e+03 9.958267733493668672e-01
0.000000000000000000e+00 0.000000000000000000e+00 0.000000000000000000e+00 4.090282037461710388e+03 9.960523609574936099e-01
0.000000000000000000e+00 0.000000000000000000e+00 0.000000000000000000e+00 4.106197531770900241e+03 9.962890233781969140e-01
0.000000000000000000e+00 0.000000000000000000e+00 0.000000000000000000e+00 4.122113026080089185e+03 9.965336697482259920e-01
0.000000000000000000e+00 0.000000000000000000e+00 0.000000000000000000e+00 4.138028520389279038e+03 9.967833088186270896e-01
0.000000000000000000e+00 0.000000000000000000e+00 0.000000000000000000e+00 4.153944014698467981e+03 9.970350819555123811e-01
0.000000000000000000e+00 0.000000000000000000e+00 0.000000000000000000e+00 4.169859509007657834e+03 9.972862920747123106e-01
0.000000000000000000e+00 0.000000000000000000e+00 0.000000000000000000e+00 4.185775003316847688e+03 9.975344284335702083e-01
0.000000000000000000e+00 0.000000000000000000e+00 0.000000000000000000e+00 4.201690497626036631e+03 9.977771872476572934e-01
0.000000000000000000e+00 0.000000000000000000e+00 0.000000000000000000e+00 4.217605991935226484e+03 9.980124881451855057e-01
0.000000000000000000e+00 0.000000000000000000e+00 0.000000000000000000e+00 4.233521486244416337e+03 9.982384865167339694e-01
0.000000000000000000e+00 0.000000000000000000e+00 0.000000000000000000e+00 4.249436980553605281e+03 9.984535818618320846e-01
0.000000000000000000e+00 0.000000000000000000e+00 0.000000000000000000e+00 4.265352474862795134e+03 9.986564222762159826e-01
0.000000000000000000e+00 0.000000000000000000e+00 0.000000000000000000e+00 4.281267969171984987e+03 9.988459052634416357e-01
0.000000000000000000e+00 0.000000000000000000e+00 0.000000000000000000e+00 4.297183463481173931e+03 9.990211750912627586e-01
0.000000000000000000e+00 0.000000000000000000e+00 0.000000000000000000e+00 4.313098957790363784e+03 9.991816169461386066e-01
0.000000000000000000e+00 0.000000000000000000e+00 0.000000000000000000e+00 4.329014452099553637e+03 9.993268481678270199e-01
0.000000000000000000e+00 0.000000000000000000e+00 0.000000000000000000e+00 4.344929946408742580e+03 9.994567068698050338e-01
0.000000000000000000e+00 0.000000000000000000e+00 0.000000000000000000e+00 4.360845440717932433e+03 9.995712382698802578e-01
0.000000000000000000e+00 0.000000000000000000e+00 0.000000000000000000e+00 4.376760935027122287e+03 9.996706790686192834e-01
0.000000000000000000e+00 0.000000000000000000e+00 0.000000000000000000e+00 4.392676429336311230e+03 9.997554402210091506e-01
0.000000000000000000e+00 0.000000000000000000e+00 0.000000000000000000e+00 4.408591923645501083e+03 9.998260884491687595e-01
0.000000000000000000e+00 0.000000000000000000e+00 0.000000000000000000e+00 4.424507417954690936e+03 9.998833268410625141e-01
0.000000000000000000e+00 0.000000000000000000e+00 0.000000000000000000e+00 4.440422912263879880e+03 9.999279748723377548e-01
0.000000000000000000e+00 0.000000000000000000e+00 0.000000000000000000e+00 4.456338406573069733e+03 9.999609481759768048e-01
0.000000000000000000e+00 0.000000000000000000e+00 0.000000000000000000e+00 4.472253900882258677e+03 9.999832383678510794e-01
0.000000000000000000e+00 0.000000000000000000e+00 0.000000000000000000e+00 4.488169395191448530e+03 9.999958932160259995e-01
0.000000000000000000e+00 0.000000000000000000e+00 0.000000000000000000e+00 4.504084889500638383e+03 9.999999974183102491e-01
0.000000000000000000e+00 0.000000000000000000e+00 0.000000000000000000e+00 4.520000383809827326e+03 9.999966542266722769e-01
0.000000000000000000e+00 0.000000000000000000e+00 0.000000000000000000e+00 4.535915878119017179e+03 9.999869681293243051e-01
0.000000000000000000e+00 0.000000000000000000e+00 0.000000000000000000e+00 4.551831372428207032e+03 9.999720287720843537e-01
0.000000000000000000e+00 0.000000000000000000e+00 0.000000000000000000e+00 4.567746866737395976e+03 9.999528962706273338e-01
0.000000000000000000e+00 0.000000000000000000e+00 0.000000000000000000e+00 4.583662361046585829e+03 9.999305880349412812e-01
0.000000000000000000e+00 0.000000000000000000e+00 0.000000000000000000e+00 4.599577855355775682e+03 9.999060671972128667e-01
0.000000000000000000e+00 0.000000000000000000e+00 0.000000000000000000e+00 4.615493349664964626e+03 9.998802327049085559e-01
0.000000000000000000e+00 0.000000000000000000e+00 0.000000000000000000e+00 4.631408843974154479e+03 9.998539111123874168e-01
0.000000000000000000e+00 0.000000000000000000e+00 0.000000000000000000e+00 4.647324338283344332e+03 9.998278500773227773e-01
0.000000000000000000e+00 0.000000000000000000e+00 0.000000000000000000e+00 4.663239832592533276e+03 9.998027135428061429e-01
0.000000000000000000e+00 0.000000000000000000e+00 0.000000000000000000e+00 4.679155326901723129e+03 9.997790785625015886e-01
0.000000000000000000e+00 0.000000000000000000e+00 0.000000000000000000e+00 4.695070821210912982e+03 9.997574337048042992e-01
0.000000000000000000e+00 0.000000000000000000e+00 0.000000000000000000e+00 4.710986315520101925e+03 9.997381789527803875e-01
0.000000000000000000e+00 0.000000000000000000e+00 0.000000000000000000e+00 4.726901809829291778e+03 9.997216269998369098e-01
0.000000000000000000e+00 0.000000000000000000e+00 0.000000000000000000e+00 4.742817304138481632e+03 9.997080058266574198e-01
0.000000000000000000e+00 0.000000000000000000e+00 0.000000000000000000e+00 4.758732798447670575e+03 9.996974624329852954e-01
0.000000000000000000e+00 0.000000000000000000e+00 0.000000000000000000e+00 4.774648292756860428e+03 9.996900675883448883e-01
0.000000000000000000e+00 0.000000000000000000e+00 0.000000000000000000e+00 4.790563787066049372e+03 9.996858214587471814e-01
0.000000000000000000e+00 0.000000000000000000e+00 0.000000000000000000e+00 4.806479281375239225e+03 9.996846599617843498e-01
0.000000000000000000e+00 0.000000000000000000e+00 0.000000000000000000e+00 4.822394775684429078e+03 9.996864617002161335e-01
0.000000000000000000e+00 0.000000000000000000e+00 0.000000000000000000e+00 4.838310269993618022e+03 9.996910553241031838e-01
0.000000000000000000e+00 0.000000000000000000e+00 0.000000000000000000e+00 4.854225764302807875e+03 9.996982271736403192e-01
0.000000000000000000e+00 0.000000000000000000e+00 0.000000000000000000e+00 4.870141258611997728e+03 9.997077290589766463e-01
0.000000000000000000e+00 0.000000000000000000e+00 0.000000000000000000e+00 4.886056752921186671e+03 9.997192860393202540e-01
0.000000000000000000e+00 0.000000000000000000e+00 0.000000000000000000e+00 4.901972247230376524e+03 9.997326040713809814e-01
0.000000000000000000e+00 0.000000000000000000e+00 0.000000000000000000e+00 4.917887741539566377e+03 9.997473774065110952e-01
0.000000000000000000e+00 0.000000000000000000e+00 0.000000000000000000e+00 4.933803235848755321e+03 9.997632956265979365e-01
0.000000000000000000e+00 0.000000000000000000e+00 0.000000000000000000e+00 4.949718730157945174e+03 9.997800502206306561e-01
0.000000000000000000e+00 0.000000000000000000e+00 0.000000000000000000e+00 4.965634224467135027e+03 9.997973406167076638e-01
0.000000000000000000e+00 0.000000000000000000e+00 0.000000000000000000e+00 4.981549718776323971e+03 9.998148795978460956e-01
0.000000000000000000e+00 0.000000000000000000e+00 0.000000000000000000e+00 4.997465213085513824e+03 9.998323980440889658e-01
0.000000000000000000e+00 0.000000000000000000e+00 0.000000000000000000e+00 5.013380707394703677e+03 9.998496489578377888e-01
0.000000000000000000e+00 0.000000000000000000e+00 0.000000000000000000e+00 5.029296201703892621e+03 9.998664107438519633e-01
0.000000000000000000e+00 0.000000000000000000e+00 0.000000000000000000e+00 5.045211696013082474e+03 9.998824897297236003e-01
0.000000000000000000e+00 0.000000000000000000e+00 0.000000000000000000e+00 5.061127190322272327e+03 9.998977219266371730e-01
0.000000000000000000e+00 0.000000000000000000e+00 0.000000000000000000e+00 5.077042684631461270e+03 9.999119740436510639e-01
0.000000000000000000e+00 0.000000000000000000e+00 0.000000000000000000e+00 5.092958178940651123e+03 9.999251437813978516e-01
0.000000000000000000e+00 0.000000000000000000e+00 0.000000000000000000e+00 5.108873673249840067e+03 9.999371594428108079e-01
0.000000000000000000e+00 0.000000000000000000e+00 0.000000000000000000e+00 5.124789167559029920e+03 9.999479789090894855e-01
0.000000000000000000e+00 0.000000000000000000e+00 0.000000000000000000e+00 5.140704661868219773e+03 9.999575880384723447e-01
0.000000000000000000e+00 0.000000000000000000e+00 0.000000000000000000e+00 5.156620156177408717e+03 9.999659985533826401e-01
0.000000000000000000e+00 0.000000000000000000e+00 0.000000000000000000e+00 5.172535650486598570e+03 9.999732454880632115e-01
0.000000000000000000e+00 0.000000000000000000e+00 0.000000000000000000e+00 5.188451144795788423e+03 9.999793842738495808e-01
0.000000000000000000e+00 0.000000000000000000e+00 0.000000000000000000e+00 5.204366639104977367e+03 9.999844875427182922e-01
0.000000000000000000e+00 0.000000000000000000e+00 0.000000000000000000e+00 5.220282133414167220e+03 9.999886417316774523e-01
0.000000000000000000e+00 0.000000000000000000e+00 0.000000000000000000e+00 5.236197627723357073e+03 9.999919435709585525e-01
0.000000000000000000e+00 0.000000000000000000e+00 0.000000000000000000e+00 5.252113122032546016e+03 9.999944965378519957e-01
0.000000000000000000e+00 0.000000000000000000e+00 0.000000000000000000e+00 5.268028616341735869e+03 9.999964073554943322e-01
0.000000000000000000e+00 0.000000000000000000e+00 0.000000000000000000e+00 5.283944110650925722e+03 9.999977826120118873e-01
0.000000000000000000e+00 0.000000000000000000e+00 0.000000000000000000e+00 5.299859604960114666e+03 9.999987255703035594e-01
0.000000000000000000e+00 0.000000000000000000e+00 0.000000000000000000e+00 5.315775099269304519e+03 9.999993332324852435e-01
0.000000000000000000e+00 0.000000000000000000e+00 0.000000000000000000e+00 5.331690593578494372e+03 9.999996937157871191e-01
0.000000000000000000e+00 0.000000000000000000e+00 0.000000000000000000e+00 5.347606087887683316e+03 9.999998839886259372e-01
0.000000000000000000e+00 0.000000000000000000e+00 0.000000000000000000e+00 5.363521582196873169e+03 9.999999680068337726e-01
0.000000000000000000e+00 0.000000000000000000e+00 0.000000000000000000e+00 5.379437076506062112e+03 9.999999952807643311e-01
0.000000000000000000e+00 0.000000000000000000e+00 0.000000000000000000e+00 5.395352570815251966e+03 9.999999998944064661e-01
0.000000000000000000e+00 0.000000000000000000e+00 0.000000000000000000e+00 5.411268065124441819e+03 9.999999999878546042e-01
0.000000000000000000e+00 0.000000000000000000e+00 0.000000000000000000e+00 5.427183559433630762e+03 9.999999977047111521e-01
0.000000000000000000e+00 0.000000000000000000e+00 0.000000000000000000e+00 5.443099053742820615e+03 9.999999795963732119e-01
0.000000000000000000e+00 0.000000000000000000e+00 0.000000000000000000e+00 5.459014548052010468e+03 9.999999174658482648e-01
0.000000000000000000e+00 0.000000000000000000e+00 0.000000000000000000e+00 5.474930042361199412e+03 9.999997696249152135e-01
0.000000000000000000e+00 0.000000000000000000e+00 0.000000000000000000e+00 5.490845536670389265e+03 9.999994825302145340e-01
0.000000000000000000e+00 0.000000000000000000e+00 0.000000000000000000e+00 5.506761030979579118e+03 9.999989927563732728e-01
0.000000000000000000e+00 0.000000000000000000e+00 0.000000000000000000e+00 5.522676525288768062e+03 9.999982292576448106e-01
0.000000000000000000e+00 0.000000000000000000e+00 0.000000000000000000e+00 5.538592019597957915e+03 9.999971158638842894e-01
0.000000000000000000e+00 0.000000000000000000e+00 0.000000000000000000e+00 5.554507513907147768e+03 9.999955739520680620e-01
0.000000000000000000e+00 0.000000000000000000e+00 0.000000000000000000e+00 5.570423008216336711e+03 9.999935252310800937e-01
0.000000000000000000e+00 0.000000000000000000e+00 0.000000000000000000e+00 5.586338502525526565e+03 9.999908945751760925e-01
0.000000000000000000e+00 0.000000000000000000e+00 0.000000000000000000e+00 5.602253996834716418e+03 9.999876128404262543e-01
0.000000000000000000e+00 0.000000000000000000e+00 0.000000000000000000e+00 5.618169491143905361e+03 9.999836195985659648e-01
0.000000000000000000e+00 0.000000000000000000e+00 0.000000000000000000e+00 5.634084985453095214e+03 9.999788657240136214e-01
0.000000000000000000e+00 0.000000000000000000e+00 0.000000000000000000e+00 5.650000479762285067e+03 9.999733157723531551e-01
0.000000000000000000e+00 0.000000000000000000e+00 0.000000000000000000e+00 5.665915974071474011e+03 9.999669500922605536e-01
0.000000000000000000e+00 0.000000000000000000e+00 0.000000000000000000e+00 5.681831468380663864e+03 9.999597666176212041e-01
0.000000000000000000e+00 0.000000000000000000e+00 0.000000000000000000e+00 5.697746962689852808e+03 9.999517822923662536e-01
0.000000000000000000e+00 0.000000000000000000e+00 0.000000000000000000e+00 5.713662456999042661e+03 9.999430340872371703e-01
0.000000000000000000e+00 0.000000000000000000e+00 0.000000000000000000e+00 5.729577951308232514e+03 9.999335795751675970e-01
0.000000000000000000e+00 0.000000000000000000e+00 0.000000000000000000e+00 5.745493445617421457e+03 9.999234970401253975e-01
0.000000000000000000e+00 0.000000000000000000e+00 0.000000000000000000e+00 5.761408939926611311e+03 9.999128851029313036e-01
0.000000000000000000e+00 0.000000000000000000e+00 0.000000000000000000e+00 5.777324434235801164e+03 9.999018618566419825e-01
0.000000000000000000e+00 0.000000000000000000e+00 0.000000000000000000e+00 5.793239928544990107e+03 9.998905635133776837e-01
0.000000000000000000e+00 0.000000000000000000e+00 0.000000000000000000e+00 5.809155422854179960e+03 9.998791425738491334e-01
0.000000000000000000e+00 0.000000000000000000e+00 0.000000000000000000e+00 5.825070917163369813e+03 9.998677655401246867e-01
0.000000000000000000e+00 0.000000000000000000e+00 0.000000000000000000e+00 5.840986411472558757e+03 9.998566102012309553e-01
0.000000000000000000e+00 0.000000000000000000e+00 0.000000000000000000e+00 5.856901905781748610e+03 9.998458625298387581e-01
0.000000000000000000e+00 0.000000000000000000e+00 0.000000000000000000e+00 5.872817400090938463e+03 9.998357132364039668e-01
0.000000000000000000e+00 0.000000000000000000e+00 0.000000000000000000e+00 5.888732894400127407e+03 9.998263540345916356e-01
0.000000000000000000e+00 0.000000000000000000e+00 0.000000000000000000e+00 5.904648388709317260e+03 9.998179736784533755e-01
0.000000000000000000e+00 0.000000000000000000e+00 0.000000000000000000e+00 5.920563883018507113e+03 9.998107538375784475e-01
0.000000000000000000e+00 0.000000000000000000e+00 0.000000000000000000e+00 5.936479377327696056e+03 9.998048648811646011e-01
0.000000000000000000e+00 0.000000000000000000e+00 0.000000000000000000e+00 5.952394871636885910e+03 9.998004616456012128e-01
0.000000000000000000e+00 0.000000000000000000e+00 0.000000000000000000e+00 5.968310365946075763e+03 9.997976792626366294e-01
0.000000000000000000e+00 0.000000000000000000e+00 0.000000000000000000e+00 5.984225860255264706e+03 9.997966291264790417e-01
0.000000000000000000e+00 0.000000000000000000e+00 0.000000000000000000e+00 6.000141354564454559e+03 9.997973950782141905e-01
0.000000000000000000e+00 0.000000000000000000e+00 0.000000000000000000e+00 6.016056848873643503e+03 9.998000298847046219e-01
0.000000000000000000e+00 0.000000000000000000e+00 0.000000000000000000e+00 6.031972343182833356e+03 9.998045520866580826e-01
0.000000000000000000e+00 0.000000000000000000e+00 0.000000000000000000e+00 6.047887837492023209e+03 9.998109432868449442e-01
0.000000000000000000e+00 0.000000000000000000e+00 0.000000000000000000e+00 6.063803331801212153e+03 9.998191459445333606e-01
0.000000000000000000e+00 0.000000000000000000e+00 0.000000000000000000e+00 6.079718826110402006e+03 9.998290617361517141e-01
0.000000000000000000e+00 0.000000000000000000e+00 0.000000000000000000e+00 6.095634320419591859e+03 9.998405505350422828e-01
0.000000000000000000e+00 0.000000000000000000e+00 0.000000000000000000e+00 6.111549814728780802e+03 9.998534300550186993e-01
0.000000000000000000e+00 0.000000000000000000e+00 0.000000000000000000e+00 6.127465309037970655e+03 9.998674761933836752e-01
0.000000000000000000e+00 0.000000000000000000e+00 0.000000000000000000e+00 6.143380803347160509e+03 9.998824240991981416e-01
0.000000000000000000e+00 0.000000000000000000e+00 0.000000000000000000e+00 6.159296297656349452e+03 9.998979699820429445e-01
0.000000000000000000e+00 0.000000000000000000e+00 0.000000000000000000e+00 6.175211791965539305e+03 9.999137736654158948e-01
0.000000000000000000e+00 0.000000000000000000e+00 0.000000000000000000e+00 6.191127286274729158e+03 9.999294618773884036e-01
0.000000000000000000e+00 0.000000000000000000e+00 0.000000000000000000e+00 6.207042780583918102e+03 9.999446322593728009e-01
0.000000000000000000e+00 0.000000000000000000e+00 0.000000000000000000e+00 6.222958274893107955e+03 9.999588580619696021e-01
0.000000000000000000e+00 0.000000000000000000e+00 0.000000000000000000e+00 6.238873769202297808e+03 9.999716934850466643e-01
0.000000000000000000e+00 0.000000000000000000e+00 0.000000000000000000e+00 6.254789263511486752e+03 9.999826796076245472e-01
0.000000000000000000e+00 0.000000000000000000e+00 0.000000000000000000e+00 6.270704757820676605e+03 9.999913508419624453e-01
0.000000000000000000e+00 0.000000000000000000e+00 0.000000000000000000e+00 6.286620252129866458e+03 9.999972418356586346e-01
0.000000000000000000e+00 0.000000000000000000e+00 0.000000000000000000e+00 6.302535746439055401e+03 9.999998947357475743e-01
0.000000000000000000e+00 0.000000000000000000e+00 0.000000000000000000e+00 6.318451240748245255e+03 9.999988667198811410e-01
0.000000000000000000e+00 0.000000000000000000e+00 0.000000000000000000e+00 6.334366735057434198e+03 9.999937376918823784e-01
0.000000000000000000e+00 0.000000000000000000e+00 0.000000000000000000e+00 6.350282229366624051e+03 9.999841180324082757e-01
0.000000000000000000e+00 0.000000000000000000e+00 0.000000000000000000e+00 6.366197723675813904e+03 9.999696562903035435e-01
0.000000000000000000e+00 0.000000000000000000e+00 0.000000000000000000e+00 6.382113217985002848e+03 9.999500466965771661e-01
0.000000000000000000e+00 0.000000000000000000e+00 0.000000000000000000e+00 6.398028712294192701e+03 9.999250363809231157e-01
0.000000000000000000e+00 0.000000000000000000e+00 0.000000000000000000e+00 6.413944206603382554e+03 9.998944321703773230e-01
0.000000000000000000e+00 0.000000000000000000e+00 0.000000000000000000e+00 6.429859700912571498e+03 9.998581068511549486e-01
0.000000000000000000e+00 0.000000000000000000e+00 0.000000000000000000e+00 6.445775195221761351e+03 9.998160047779354187e-01
0.000000000000000000e+00 0.000000000000000000e+00 0.000000000000000000e+00 6.461690689530951204e+03 9.997681467198911154e-01
0.000000000000000000e+00 0.000000000000000000e+00 0.000000000000000000e+00 6.477606183840140147e+03 9.997146338395235254e-01
0.000000000000000000e+00 0.000000000000000000e+00 0.000000000000000000e+00 6.493521678149330000e+03 9.996556507088536492e-01
0.000000000000000000e+00 0.000000000000000000e+00 0.000000000000000000e+00 6.509437172458519854e+03 9.995914672775788601e-01
0.000000000000000000e+00 0.000000000000000000e+00 0.000000000000000000e+00 6.525352666767708797e+03 9.995224397193691601e-01
0.000000000000000000e+00 0.000000000000000000e+00 0.000000000000000000e+00 6.541268161076898650e+03 9.994490100953559164e-01
0.000000000000000000e+00 0.000000000000000000e+00 0.000000000000000000e+00 6.557183655386088503e+03 9.993717047879058235e-01
0.000000000000000000e+00 0.000000000000000000e+00 0.000000000000000000e+00 6.573099149695277447e+03 9.992911316727735027e-01
0.000000000000000000e+00 0.000000000000000000e+00 0.000000000000000000e+00 6.589014644004467300e+03 9.992079760134682243e-01
0.000000000000000000e+00 0.000000000000000000e+00 0.000000000000000000e+00 6.604930138313656244e+03 9.991229950779454416e-01
0.000000000000000000e+00 0.000000000000000000e+00 0.000000000000000000e+00 6.620845632622846097e+03 9.990370114942911384e-01
0.000000000000000000e+00 0.000000000000000000e+00 0.000000000000000000e+00 6.636761126932035950e+03 9.989509053786909121e-01
0.000000000000000000e+00 0.000000000000000000e+00 0.000000000000000000e+00 6.652676621241224893e+03 9.988656052854257839e-01
0.000000000000000000e+00 0.000000000000000000e+00 0.000000000000000000e+00 6.668592115550414746e+03 9.987820780446965419e-01
0.000000000000000000e+00 0.000000000000000000e+00 0.000000000000000000e+00 6.684507609859604599e+03 9.987013175695368394e-01
0.000000000000000000e+00 0.000000000000000000e+00 0.000000000000000000e+00 6.700423104168793543e+03 9.986243327277422033e-01
0.000000000000000000e+00 0.000000000000000000e+00 0.000000000000000000e+00 6.716338598477983396e+03 9.985521343884464773e-01
0.000000000000000000e+00 0.000000000000000000e+00 0.000000000000000000e+00 6.732254092787173249e+03 9.984857217655646044e-01
0.000000000000000000e+00 0.000000000000000000e+00 0.000000000000000000e+00 6.748169587096362193e+03 9.984260681916730107e-01
0.000000000000000000e+00 0.000000000000000000e+00 0.000000000000000000e+00 6.764085081405552046e+03 9.983741064659079623e-01
0.000000000000000000e+00 0.000000000000000000e+00 0.000000000000000000e+00 6.780000575714741899e+03 9.983307139280507281e-01
0.000000000000000000e+00 0.000000000000000000e+00 0.000000000000000000e+00 6.795916070023930843e+03 9.982966974180869091e-01
0.000000000000000000e+00 0.000000000000000000e+00 0.000000000000000000e+00 6.811831564333120696e+03 9.982727782861309240e-01
0.000000000000000000e+00 0.000000000000000000e+00 0.000000000000000000e+00 6.827747058642310549e+03 9.982595776216827144e-01
0.000000000000000000e+00 0.000000000000000000e+00 0.000000000000000000e+00 6.843662552951499492e+03 9.982576018737290280e-01
0.000000000000000000e+00 0.000000000000000000e+00 0.000000000000000000e+00 6.859578047260689345e+03 9.982672290342113897e-01
0.000000000000000000e+00 0.000000000000000000e+00 0.000000000000000000e+00 6.875493541569879199e+03 9.982886955568857079e-01
0.000000000000000000e+00 0.000000000000000000e+00 0.000000000000000000e+00 6.891409035879068142e+03 9.983220841815844127e-01
0.000000000000000000e+00 0.000000000000000000e+00 0.000000000000000000e+00 6.907324530188257995e+03 9.983673128303997002e-01
0.000000000000000000e+00 0.000000000000000000e+00 0.000000000000000000e+00 6.923240024497446939e+03 9.984241247373226713e-01
0.000000000000000000e+00 0.000000000000000000e+00 0.000000000000000000e+00 6.939155518806636792e+03 9.984920799664100954e-01
0.000000000000000000e+00 0.000000000000000000e+00 0.000000000000000000e+00 6.955071013115826645e+03 9.985705484656077768e-01
0.000000000000000000e+00 0.000000000000000000e+00 0.000000000000000000e+00 6.970986507425015589e+03 9.986587047939106121e-01
0.000000000000000000e+00 0.000000000000000000e+00 0.000000000000000000e+00 6.986902001734205442e+03 9.987555246485801952e-01
0.000000000000000000e+00 0.000000000000000000e+00 0.000000000000000000e+00 7.002817496043395295e+03 9.988597833066397147e-01
0.000000000000000000e+00 0.000000000000000000e+00 0.000000000000000000e+00 7.018732990352584238e+03 9.989700560807930341e-01
0.000000000000000000e+00 0.000000000000000000e+00 0.000000000000000000e+00 7.034648484661774091e+03 9.990847208742708041e-01
0.000000000000000000e+00 0.000000000000000000e+00 0.000000000000000000e+00 7.050563978970963944e+03 9.992019629018402682e-01
0.000000000000000000e+00 0.000000000000000000e+00 0.000000000000000000e+00 7.066479473280152888e+03 9.993197816253711618e-01
0.000000000000000000e+00 0.000000000000000000e+00 0.000000000000000000e+00 7.082394967589342741e+03 9.994359999319180066e-01
0.000000000000000000e+00 0.000000000000000000e+00 0.000000000000000000e+00 7.098310461898532594e+03 9.995482755603251057e-01
0.000000000000000000e+00 0.000000000000000000e+00 0.000000000000000000e+00 7.114225956207721538e+03 9.996541147589690368e-01
0.000000000000000000e+00 0.000000000000000000e+00 0.000000000000000000e+00 7.130141450516911391e+03 9.997508881325498642e-01
0.000000000000000000e+00 0.000000000000000000e+00 0.000000000000000000e+00 7.146056944826101244e+03 9.998358486100040743e-01
0.000000000000000000e+00 0.000000000000000000e+00 0.000000000000000000e+00 7.161972439135290188e+03 9.999061514388637439e-01
0.000000000000000000e+00 0.000000000000000000e+00 0.000000000000000000e+00 7.177887933444480041e+03 9.999588760840120161e-01
0.000000000000000000e+00 0.000000000000000000e+00 0.000000000000000000e+00 7.193803427753669894e+03 9.999910498811228621e-01
0.000000000000000000e+00 0.000000000000000000e+00 0.000000000000000000e+00 7.209718922062858837e+03 9.999996732675076050e-01
0.000000000000000000e+00 0.000000000000000000e+00 0.000000000000000000e+00 7.225634416372048690e+03 9.999817463860751765e-01
0.000000000000000000e+00 0.000000000000000000e+00 0.000000000000000000e+00 7.241549910681237634e+03 9.999342968321320857e-01
0.000000000000000000e+00 0.000000000000000000e+00 0.000000000000000000e+00 7.257465404990427487e+03 9.998544082883106254e-01
0.000000000000000000e+00 0.000000000000000000e+00 0.000000000000000000e+00 7.273380899299617340e+03 9.997392497705935854e-01
0.000000000000000000e+00 0.000000000000000000e+00 0.000000000000000000e+00 7.289296393608806284e+03 9.995861051887335869e-01
0.000000000000000000e+00 0.000000000000000000e+00 0.000000000000000000e+00 7.305211887917996137e+03 9.993924029079072069e-01
0.000000000000000000e+00 0.000000000000000000e+00 0.000000000000000000e+00 7.321127382227185990e+03 9.991557449857306761e-01
0.000000000000000000e+00 0.000000000000000000e+00 0.000000000000000000e+00 7.337042876536374933e+03 9.988739357502738336e-01
0.000000000000000000e+00 0.000000000000000000e+00 0.000000000000000000e+00 7.352958370845564787e+03 9.985450093808768690e-01
0.000000000000000000e+00 0.000000000000000000e+00 0.000000000000000000e+00 7.368873865154754640e+03 9.981672561547443312e-01
0.000000000000000000e+00 0.000000000000000000e+00 0.000000000000000000e+00 7.384789359463943583e+03 9.977392470287187454e-01
0.000000000000000000e+00 0.000000000000000000e+00 0.000000000000000000e+00 7.400704853773133436e+03 9.972598562374639375e-01
0.000000000000000000e+00 0.000000000000000000e+00 0.000000000000000000e+00 7.416620348082323289e+03 9.967282816065377027e-01
0.000000000000000000e+00 0.000000000000000000e+00 0.000000000000000000e+00 7.432535842391512233e+03 9.961440623013904094e-01
0.000000000000000000e+00 0.000000000000000000e+00 0.000000000000000000e+00 7.448451336700702086e+03 9.955070937609536985e-01
0.000000000000000000e+00 0.000000000000000000e+00 0.000000000000000000e+00 7.464366831009891939e+03 9.948176395967864849e-01
0.000000000000000000e+00 0.000000000000000000e+00 0.000000000000000000e+00 7.480282325319080883e+03 9.940763402752317290e-01
0.000000000000000000e+00 0.000000000000000000e+00 0.000000000000000000e+00 7.496197819628270736e+03 9.932842184400546559e-01
0.000000000000000000e+00 0.000000000000000000e+00 0.000000000000000000e+00 7.512113313937460589e+03 9.924426807758714997e-01
0.000000000000000000e+00 0.000000000000000000e+00 0.000000000000000000e+00 7.528028808246649533e+03 9.915535163574809019e-01
0.000000000000000000e+00 0.000000000000000000e+00 0.000000000000000000e+00 7.543944302555839386e+03 9.906188914761331343e-01
0.000000000000000000e+00 0.000000000000000000e+00 0.000000000000000000e+00 7.559859796865028329e+03 9.896413409798432426e-01
0.000000000000000000e+00 0.000000000000000000e+00 0.000000000000000000e+00 7.575775291174218182e+03 9.886237562101842791e-01
0.000000000000000000e+00 0.000000000000000000e+00 0.000000000000000000e+00 7.591690785483408035e+03 9.875693696616257844e-01
0.000000000000000000e+00 0.000000000000000000e+00 0.000000000000000000e+00 7.607606279792596979e+03 9.864817365305622587e-01
0.000000000000000000e+00 0.000000000000000000e+00 0.000000000000000000e+00 7.623521774101786832e+03 9.853647133588907536e-01
0.000000000000000000e+00 0.000000000000000000e+00 0.000000000000000000e+00 7.639437268410976685e+03 9.842224340106411340e-01
0.000000000000000000e+00 0.000000000000000000e+00 0.000000000000000000e+00 7.655352762720165629e+03 9.830592832491396038e-01
0.000000000000000000e+00 0.000000000000000000e+00 0.000000000000000000e+00 7.671268257029355482e+03 9.818798682060333460e-01
0.000000000000000000e+00 0.000000000000000000e+00 0.000000000000000000e+00 7.687183751338545335e+03 9.806889880519052971e-01
0.000000000000000000e+00 0.000000000000000000e+00 0.000000000000000000e+00 7.703099245647734278e+03 9.794916021909860770e-01
0.000000000000000000e+00 0.000000000000000000e+00 0.000000000000000000e+00 7.719014739956924132e+03 9.782927973096088303e-01
0.000000000000000000e+00 0.000000000000000000e+00 0.000000000000000000e+00 7.734930234266113985e+03 9.770977536096693283e-01
0.000000000000000000e+00 0.000000000000000000e+00 0.000000000000000000e+00 7.750845728575302928e+03 9.759117105547179261e-01
0.000000000000000000e+00 0.000000000000000000e+00 0.000000000000000000e+00 7.766761222884492781e+03 9.747399324477949989e-01
0.000000000000000000e+00 0.000000000000000000e+00 0.000000000000000000e+00 7.782676717193682634e+03 9.735876741472294649e-01
0.000000000000000000e+00 0.000000000000000000e+00 0.000000000000000000e+00 7.798592211502871578e+03 9.724601472099086985e-01
0.000000000000000000e+00 0.000000000000000000e+00 0.000000000000000000e+00 7.814507705812061431e+03 9.713624867316632550e-01
0.000000000000000000e+00 0.000000000000000000e+00 0.000000000000000000e+00 7.830423200121250375e+03 9.702997191320454906e-01
0.000000000000000000e+00 0.000000000000000000e+00 0.000000000000000000e+00 7.846338694430440228e+03 9.692767311066434743e-01
0.000000000000000000e+00 0.000000000000000000e+00 0.000000000000000000e+00 7.862254188739630081e+03 9.682982399448349931e-01
0.000000000000000000e+00 0.000000000000000000e+00 0.000000000000000000e+00 7.878169683048819024e+03 9.673687653852434121e-01
0.000000000000000000e+00 0.000000000000000000e+00 0.000000000000000000e+00 7.894085177358008877e+03 9.664926031557239394e-01
0.000000000000000000e+00 0.000000000000000000e+00 0.000000000000000000e+00 7.910000671667198731e+03 9.656738003200568965e-01
0.000000000000000000e+00 0.000000000000000000e+00 0.000000000000000000e+00 7.925916165976387674e+03 9.649161325301600645e-01
0.000000000000000000e+00 0.000000000000000000e+00 0.000000000000000000e+00 7.941831660285577527e+03 9.642230832609504088e-01
0.000000000000000000e+00 0.000000000000000000e+00 0.000000000000000000e+00 7.957747154594767380e+03 9.635978250853347582e-01
0.000000000000000000e+00 0.000000000000000000e+00 0.000000000000000000e+00 7.973662648903956324e+03 9.630432030293947232e-01
0.000000000000000000e+00 0.000000000000000000e+00 0.000000000000000000e+00 7.989578143213146177e+03 9.625617200328038248e-01
0.000000000000000000e+00 0.000000000000000000e+00 0.000000000000000000e+00 8.005493637522336030e+03 9.621555245269113321e-01
0.000000000000000000e+00 0.000000000000000000e+00 0.000000000000000000e+00 8.021409131831524974e+03 9.618264001327021528e-01
0.000000000000000000e+00 0.000000000000000000e+00 0.000000000000000000e+00 8.037324626140714827e+03 9.615757574728689416e-01
0.000000000000000000e+00 0.000000000000000000e+00 0.000000000000000000e+00 8.053240120449904680e+03 9.614046280863046690e-01
0.000000000000000000e+00 0.000000000000000000e+00 0.000000000000000000e+00 8.069155614759093623e+03 9.613136604291943055e-01
0.000000000000000000e+00 0.000000000000000000e+00 0.000000000000000000e+00 8.085071109068283477e+03 9.613031179442165230e-01
0.000000000000000000e+00 0.000000000000000000e+00 0.000000000000000000e+00 8.100986603377473330e+03 9.613728791778263227e-01
0.000000000000000000e+00 0.000000000000000000e+00 0.000000000000000000e+00 8.116902097686662273e+03 9.615224399247862541e-01
0.000000000000000000e+00 0.000000000000000000e+00 0.000000000000000000e+00 8.132817591995852126e+03 9.617509173786569221e-01
0.000000000000000000e+00 0.000000000000000000e+00 0.000000000000000000e+00 8.148733086305041070e+03 9.620570562664536585e-01
0.000000000000000000e+00 0.000000000000000000e+00 0.000000000000000000e+00 8.164648580614230923e+03 9.624392369447374307e-01
0.000000000000000000e+00 0.000000000000000000e+00 0.000000000000000000e+00 8.180564074923420776e+03 9.628954854326881030e-01
0.000000000000000000e+00 0.000000000000000000e+00 0.000000000000000000e+00 8.196479569232609720e+03 9.634234853548684363e-01
0.000000000000000000e+00 0.000000000000000000e+00 0.000000000000000000e+00 8.212395063541800482e+03 9.640205917621642584e-01
0.000000000000000000e+00 0.000000000000000000e+00 0.000000000000000000e+00 8.228310557850989426e+03 9.646838467935573425e-01
0.000000000000000000e+00 0.000000000000000000e+00 0.000000000000000000e+00 8.244226052160178369e+03 9.654099971337851693e-01
0.000000000000000000e+00 0.000000000000000000e+00 0.000000000000000000e+00 8.260141546469369132e+03 9.661955132125007450e-01
0.000000000000000000e+00 0.000000000000000000e+00 0.000000000000000000e+00 8.276057040778558076e+03 9.670366100792302522e-01
0.000000000000000000e+00 0.000000000000000000e+00 0.000000000000000000e+00 8.291972535087747019e+03 9.679292698753236834e-01
0.000000000000000000e+00 0.000000000000000000e+00 0.000000000000000000e+00 8.307888029396935963e+03 9.688692658093401855e-01
0.000000000000000000e+00 0.000000000000000000e+00 0.000000000000000000e+00 8.323803523706126725e+03 9.698521875261264524e-01
0.000000000000000000e+00 0.000000000000000000e+00 0.000000000000000000e+00 8.339719018015315669e+03 9.708734677425425730e-01
0.000000000000000000e+00 0.000000000000000000e+00 0.000000000000000000e+00 8.355634512324504612e+03 9.719284100047116404e-01
0.000000000000000000e+00 0.000000000000000000e+00 0.000000000000000000e+00 8.371550006633695375e+03 9.730122174032560523e-01
0.000000000000000000e+00 0.000000000000000000e+00 0.000000000000000000e+00 8.387465500942884319e+03 9.741200220647041608e-01
0.000000000000000000e+00 0.000000000000000000e+00 0.000000000000000000e+00 8.403380995252073262e+03 9.752469152195938351e-01
0.000000000000000000e+00 0.000000000000000000e+00 0.000000000000000000e+00 8.419296489561264025e+03 9.763879776313273418e-01
0.000000000000000000e+00 0.000000000000000000e+00 0.000000000000000000e+00 8.435211983870452968e+03 9.775383101550415565e-01
0.000000000000000000e+00 0.000000000000000000e+00 0.000000000000000000e+00 8.451127478179641912e+03 9.786930641831932398e-01
0.000000000000000000e+00 0.000000000000000000e+00 0.000000000000000000e+00 8.467042972488832675e+03 9.798474717247060983e-01
0.000000000000000000e+00 0.000000000000000000e+00 0.000000000000000000e+00 8.482958466798021618e+03 9.809968748578270503e-01
0.000000000000000000e+00 0.000000000000000000e+00 0.000000000000000000e+00 8.498873961107210562e+03 9.821367542936887407e-01
0.000000000000000000e+00 0.000000000000000000e+00 0.000000000000000000e+00 8.514789455416401324e+03 9.832627567882716857e-01
0.000000000000000000e+00 0.000000000000000000e+00 0.000000000000000000e+00 8.530704949725590268e+03 9.843707211452249473e-01
0.000000000000000000e+00 0.000000000000000000e+00 0.000000000000000000e+00 8.546620444034779212e+03 9.854567025609721753e-01
0.000000000000000000e+00 0.000000000000000000e+00 0.000000000000000000e+00 8.562535938343969974e+03 9.865169950766903284e-01
0.000000000000000000e+00 0.000000000000000000e+00 0.000000000000000000e+00 8.578451432653158918e+03 9.875481519190338897e-01
0.000000000000000000e+00 0.000000000000000000e+00 0.000000000000000000e+00 8.594366926962347861e+03 9.885470035326657801e-01
0.000000000000000000e+00 0.000000000000000000e+00 0.000000000000000000e+00 8.610282421271538624e+03 9.895106731324524452e-01
0.000000000000000000e+00 0.000000000000000000e+00 0.000000000000000000e+00 8.626197915580727567e+03 9.904365896311597695e-01
0.000000000000000000e+00 0.000000000000000000e+00 0.000000000000000000e+00 8.642113409889916511e+03 9.913224978291841349e-01
0.000000000000000000e+00 0.000000000000000000e+00 0.000000000000000000e+00 8.658028904199107274e+03 9.921664657856708036e-01
0.000000000000000000e+00 0.000000000000000000e+00 0.000000000000000000e+00 8.673944398508296217e+03 9.929668893247045602e-01
0.000000000000000000e+00 0.000000000000000000e+00 0.000000000000000000e+00 8.689859892817485161e+03 9.937224936654447394e-01
0.000000000000000000e+00 0.000000000000000000e+00 0.000000000000000000e+00 8.705775387126675923e+03 9.944323322004178234e-01
0.000000000000000000e+00 0.000000000000000000e+00 0.000000000000000000e+00 8.721690881435864867e+03 9.950957824810128249e-01
0.000000000000000000e+00 0.000000000000000000e+00 0.000000000000000000e+00 8.737606375745053811e+03 9.957125395028763037e-01
0.000000000000000000e+00 0.000000000000000000e+00 0.000000000000000000e+00 8.753521870054244573e+03 9.962826064157410677e-01
0.000000000000000000e+00 0.000000000000000000e+00 0.000000000000000000e+00 8.769437364363433517e+03 9.968062828116952545e-01
0.000000000000000000e+00 0.000000000000000000e+00 0.000000000000000000e+00 8.785352858672622460e+03 9.972841507724825583e-01
0.000000000000000000e+00 0.000000000000000000e+00 0.000000000000000000e+00 8.801268352981813223e+03 9.977170588797071860e-01
0.000000000000000000e+00 0.000000000000000000e+00 0.000000000000000000e+00 8.817183847291002166e+03 9.981061044114736269e-01
0.000000000000000000e+00 0.000000000000000000e+00 0.000000000000000000e+00 8.833099341600191110e+03 9.984526139647573739e-01
0.000000000000000000e+00 0.000000000000000000e+00 0.000000000000000000e+00 8.849014835909381873e+03 9.987581227545692109e-01
0.000000000000000000e+00 0.000000000000000000e+00 0.000000000000000000e+00 8.864930330218570816e+03 9.990243528486602020e-01
0.000000000000000000e+00 0.000000000000000000e+00 0.000000000000000000e+00 8.880845824527759760e+03 9.992531906001862474e-01
0.000000000000000000e+00 0.000000000000000000e+00 0.000000000000000000e+00 8.896761318836950522e+03 9.994466635405199195e-01
0.000000000000000000e+00 0.000000000000000000e+00 0.000000000000000000e+00 8.912676813146139466e+03 9.996069169904777674e-01
0.000000000000000000e+00 0.000000000000000000e+00 0.000000000000000000e+00 8.928592307455328410e+03 9.997361906408797072e-01
0.000000000000000000e+00 0.000000000000000000e+00 0.000000000000000000e+00 8.944507801764517353e+03 9.998367953429039279e-01
0.000000000000000000e+00 0.000000000000000000e+00 0.000000000000000000e+00 8.960423296073708116e+03 9.999110903355005187e-01
0.000000000000000000e+00 0.000000000000000000e+00 0.000000000000000000e+00 8.976338790382897059e+03 9.999614611215750237e-01
0.000000000000000000e+00 0.000000000000000000e+00 0.000000000000000000e+00 8.992254284692086003e+03 9.999902981871451324e-01
0.000000000000000000e+00 0.000000000000000000e+00 0.000000000000000000e+00 9.008169779001276765e+03 9.999999767386362759e-01
0.000000000000000000e+00 0.000000000000000000e+00 0.000000000000000000e+00 9.024085273310465709e+03 9.999928376132938279e-01
0.000000000000000000e+00 0.000000000000000000e+00 0.000000000000000000e+00 9.040000767619654653e+03 9.999711694967710063e-01
0.000000000000000000e+00 0.000000000000000000e+00 0.000000000000000000e+00 9.055916261928845415e+03 9.999371925606324041e-01
0.000000000000000000e+00 0.000000000000000000e+00 0.000000000000000000e+00 9.071831756238034359e+03 9.998930436111571618e-01
0.000000000000000000e+00 0.000000000000000000e+00 0.000000000000000000e+00 9.087747250547223302e+03 9.998407628197227837e-01
0.000000000000000000e+00 0.000000000000000000e+00 0.000000000000000000e+00 9.103662744856414065e+03 9.997822820844595171e-01
0.000000000000000000e+00 0.000000000000000000e+00 0.000000000000000000e+00 9.119578239165603009e+03 9.997194150530339662e-01
0.000000000000000000e+00 0.000000000000000000e+00 0.000000000000000000e+00 9.135493733474791952e+03 9.996538488175088499e-01
0.000000000000000000e+00 0.000000000000000000e+00 0.000000000000000000e+00 9.151409227783982715e+03 9.995871372744199457e-01
0.000000000000000000e+00 0.000000000000000000e+00 0.000000000000000000e+00 9.167324722093171658e+03 9.995206961265949985e-01
0.000000000000000000e+00 0.000000000000000000e+00 0.000000000000000000e+00 9.183240216402360602e+03 9.994557994879283980e-01
0.000000000000000000e+00 0.000000000000000000e+00 0.000000000000000000e+00 9.199155710711551365e+03 9.993935780383580436e-01
0.000000000000000000e+00 0.000000000000000000e+00 0.000000000000000000e+00 9.215071205020740308e+03 9.993350186637046662e-01
0.000000000000000000e+00 0.000000000000000000e+00 0.000000000000000000e+00 9.230986699329929252e+03 9.992809655038541461e-01
0.000000000000000000e+00 0.000000000000000000e+00 0.000000000000000000e+00 9.246902193639120014e+03 9.992321223229618798e-01
0.000000000000000000e+00 0.000000000000000000e+00 0.000000000000000000e+00 9.262817687948308958e+03 9.991890561069460830e-01
0.000000000000000000e+00 0.000000000000000000e+00 0.000000000000000000e+00 9.278733182257497901e+03 9.991522017864580274e-01
0.000000000000000000e+00 0.000000000000000000e+00 0.000000000000000000e+00 9.294648676566688664e+03 9.991218679777696954e-01
0.000000000000000000e+00 0.000000000000000000e+00 0.000000000000000000e+00 9.310564170875877608e+03 9.990982436295299252e-01
0.000000000000000000e+00 0.000000000000000000e+00 0.000000000000000000e+00 9.326479665185066551e+03 9.990814054600967165e-01
0.000000000000000000e+00 0.000000000000000000e+00 0.000000000000000000e+00 9.342395159494257314e+03 9.990713260680967878e-01
0.000000000000000000e+00 0.000000000000000000e+00 0.000000000000000000e+00 9.358310653803446257e+03 9.990678825979524280e-01
0.000000000000000000e+00 0.000000000000000000e+00 0.000000000000000000e+00 9.374226148112635201e+03 9.990708658423114175e-01
0.000000000000000000e+00 0.000000000000000000e+00 0.000000000000000000e+00 9.390141642421825964e+03 9.990799896645652378e-01
0.000000000000000000e+00 0.000000000000000000e+00 0.000000000000000000e+00 9.406057136731014907e+03 9.990949006269034260e-01
0.000000000000000000e+00 0.000000000000000000e+00 0.000000000000000000e+00 9.421972631040203851e+03 9.991151877125827863e-01
0.000000000000000000e+00 0.000000000000000000e+00 0.000000000000000000e+00 9.437888125349394613e+03 9.991403920352261991e-01
0.000000000000000000e+00 0.000000000000000000e+00 0.000000000000000000e+00 9.453803619658583557e+03 9.991700164329719858e-01
0.000000000000000000e+00 0.000000000000000000e+00 0.000000000000000000e+00 9.469719113967772500e+03 9.992035348510945880e-01
0.000000000000000000e+00 0.000000000000000000e+00 0.000000000000000000e+00 9.485634608276963263e+03 9.992404014232614262e-01
0.000000000000000000e+00 0.000000000000000000e+00 0.000000000000000000e+00 9.501550102586152207e+03 9.992800591687962530e-01
0.000000000000000000e+00 0.000000000000000000e+00 0.000000000000000000e+00 9.517465596895341150e+03 9.993219482311316293e-01
0.000000000000000000e+00 0.000000000000000000e+00 0.000000000000000000e+00 9.533381091204530094e+03 9.993655135909378373e-01
0.000000000000000000e+00 0.000000000000000000e+00 0.000000000000000000e+00 9.549296585513720856e+03 9.994102121961587759e-01
0.000000000000000000e+00 0.000000000000000000e+00 0.000000000000000000e+00 9.565212079822909800e+03 9.994555194602483539e-01
0.000000000000000000e+00 0.000000000000000000e+00 0.000000000000000000e+00 9.581127574132098744e+03 9.995009350891943534e-01
0.000000000000000000e+00 0.000000000000000000e+00 0.000000000000000000e+00 9.597043068441289506e+03 9.995459882073336466e-01
0.000000000000000000e+00 0.000000000000000000e+00 0.000000000000000000e+00 9.612958562750478450e+03 9.995902417614007662e-01
0.000000000000000000e+00 0.000000000000000000e+00 0.000000000000000000e+00 9.628874057059667393e+03 9.996332961915976867e-01
0.000000000000000000e+00 0.000000000000000000e+00 0.000000000000000000e+00 9.644789551368858156e+03 9.996747923676221337e-01
0.000000000000000000e+00 0.000000000000000000e+00 0.000000000000000000e+00 9.660705045678047099e+03 9.997144137964441013e-01
0.000000000000000000e+00 0.000000000000000000e+00 0.000000000000000000e+00 9.676620539987236043e+03 9.997518881170613936e-01
0.000000000000000000e+00 0.000000000000000000e+00 0.000000000000000000e+00 9.692536034296426806e+03 9.997869879054173126e-01
0.000000000000000000e+00 0.000000000000000000e+00 0.000000000000000000e+00 9.708451528605615749e+03 9.998195308200250597e-01
0.000000000000000000e+00 0.000000000000000000e+00 0.000000000000000000e+00 9.724367022914804693e+03 9.998493791255418373e-01
0.000000000000000000e+00 0.000000000000000000e+00 0.000000000000000000e+00 9.740282517223995455e+03 9.998764386375031954e-01
0.000000000000000000e+00 0.000000000000000000e+00 0.000000000000000000e+00 9.756198011533184399e+03 9.999006571366049201e-01
0.000000000000000000e+00 0.000000000000000000e+00 0.000000000000000000e+00 9.772113505842373343e+03 9.999220223052678325e-01
0.000000000000000000e+00 0.000000000000000000e+00 0.000000000000000000e+00 9.788029000151564105e+03 9.999405592426983125e-01
0.000000000000000000e+00 0.000000000000000000e+00 0.000000000000000000e+00 9.803944494460753049e+03 9.999563276172649395e-01
0.000000000000000000e+00 0.000000000000000000e+00 0.000000000000000000e+00 9.819859988769941992e+03 9.999694185167202765e-01
0.000000000000000000e+00 0.000000000000000000e+00 0.000000000000000000e+00 9.835775483079132755e+03 9.999799510576434791e-01
0.000000000000000000e+00 0.000000000000000000e+00 0.000000000000000000e+00 9.851690977388321699e+03 9.999880688154594299e-01
0.000000000000000000e+00 0.000000000000000000e+00 0.000000000000000000e+00 9.867606471697510642e+03 9.999939361355603129e-01
0.000000000000000000e+00 0.000000000000000000e+00 0.000000000000000000e+00 9.883521966006701405e+03 9.999977343844390631e-01
0.000000000000000000e+00 0.000000000000000000e+00 0.000000000000000000e+00 9.899437460315890348e+03 9.999996581974097687e-01
0.000000000000000000e+00 0.000000000000000000e+00 0.000000000000000000e+00 9.915352954625079292e+03 9.999999117765000500e-01
0.000000000000000000e+00 0.000000000000000000e+00 0.000000000000000000e+00 9.931268448934270054e+03 9.999987052885067618e-01
0.000000000000000000e+00 0.000000000000000000e+00 0.000000000000000000e+00 9.947183943243458998e+03 9.999962514091101928e-01
0.000000000000000000e+00 0.000000000000000000e+00 0.000000000000000000e+00 9.963099437552647942e+03 9.999927620543997975e-01
0.000000000000000000e+00 0.000000000000000000e+00 0.000000000000000000e+00 9.979014931861838704e+03 9.999884453362724024e-01
0.000000000000000000e+00 0.000000000000000000e+00 0.000000000000000000e+00 9.994930426171027648e+03 9.999835027729964132e-01
