# Tone frequency (Hz)	Measured Fidelity	Simulated Fidelity	Frequency (Hz)	Analytic Fidelity
0.000000000000000000e+00 9.900000700000000098e-01 1.000000000000000000e+00 1.591549430918953456e-01 9.999999969548831746e-01
3.000000000000000000e+02 9.742816100000000201e-01 9.895526721763812095e-01 1.591549430918953334e+01 9.999695516432043352e-01
6.000000000000000000e+02 9.568050500000000458e-01 9.614187036161963018e-01 3.183098861837906668e+01 9.998782403075963110e-01
9.000000000000000000e+02 9.210326100000000293e-01 9.237168600886391800e-01 4.774648292756860002e+01 9.997261671286900020e-01
1.200000000000000000e+03 8.830497899999999456e-01 8.860456537904702889e-01 6.366197723675813336e+01 9.995135004365122144e-01
1.500000000000000000e+03 8.667127500000000317e-01 8.563057441913723977e-01 7.957747154594767380e+01 9.992404754127017785e-01
1.800000000000000000e+03 8.337702200000000063e-01 8.391386012065057409e-01 9.549296585513720004e+01 9.989073936121345421e-01
2.100000000000000000e+03 8.386989799999999828e-01 8.358757052500527251e-01 1.114084601643267405e+02 9.985146223507488372e-01
2.400000000000000000e+03 8.697325000000000195e-01 8.452285637846873589e-01 1.273239544735162667e+02 9.980625939617100428e-01
2.700000000000000000e+03 8.624434500000000003e-01 8.641294576092422020e-01 1.432394487827058072e+02 9.975518049225042816e-01
3.000000000000000000e+03 8.883637800000000473e-01 8.885797952734855176e-01 1.591549430918953476e+02 9.969828148559916059e-01
3.300000000000000000e+03 9.110863200000000051e-01 9.145126400184189208e-01 1.750704374010848881e+02 9.963562454088707998e-01
3.600000000000000000e+03 9.317063700000000059e-01 9.385747732228700846e-01 1.909859317102744001e+02 9.956727790114128229e-01
3.900000000000000000e+03 9.514395599999999620e-01 9.586330599409856879e-01 2.069014260194639405e+02 9.949331575227082780e-01
4.200000000000000000e+03 9.611162500000000053e-01 9.738660777906634758e-01 2.228169203286534810e+02 9.941381807660314429e-01
4.500000000000000000e+03 9.800439499999999970e-01 9.844984201128370582e-01 2.387324146378430214e+02 9.932887049592737938e-01
4.800000000000000000e+03 9.795996500000000440e-01 9.913610062210118645e-01 2.546479089470325334e+02 9.923856410457029265e-01
5.100000000000000000e+03 9.908293500000000531e-01 9.954750577402580181e-01 2.705634032562221023e+02 9.914299529306052072e-01
5.400000000000000000e+03 9.865572999999999704e-01 9.977725702713720057e-01 2.864788975654116143e+02 9.904226556296202855e-01
5.700000000000000000e+03 9.891084999999999461e-01 9.989698543392737662e-01 3.023943918746011263e+02 9.893648133348178497e-01
0.000000000000000000e+00 0.000000000000000000e+00 0.000000000000000000e+00 3.183098861837906952e+02 9.882575374047657402e-01
0.000000000000000000e+00 0.000000000000000000e+00 0.000000000000000000e+00 3.342253804929802072e+02 9.871019842850151660e-01
0.000000000000000000e+00 0.000000000000000000e+00 0.000000000000000000e+00 3.501408748021697761e+02 9.858993533655732167e-01
0.000000000000000000e+00 0.000000000000000000e+00 0.000000000000000000e+00 3.660563691113592881e+02 9.846508847820429899e-01
0.000000000000000000e+00 0.000000000000000000e+00 0.000000000000000000e+00 3.819718634205488001e+02 9.833578571671997004e-01
0.000000000000000000e+00 0.000000000000000000e+00 0.000000000000000000e+00 3.978873577297383690e+02 9.820215853598192046e-01
0.000000000000000000e+00 0.000000000000000000e+00 0.000000000000000000e+00 4.138028520389278810e+02 9.806434180776001375e-01
0.000000000000000000e+00 0.000000000000000000e+00 0.000000000000000000e+00 4.297183463481174499e+02 9.792247355610138593e-01
0.000000000000000000e+00 0.000000000000000000e+00 0.000000000000000000e+00 4.456338406573069619e+02 9.777669471948795543e-01
0.000000000000000000e+00 0.000000000000000000e+00 0.000000000000000000e+00 4.615493349664964740e+02 9.762714891143977614e-01
0.000000000000000000e+00 0.000000000000000000e+00 0.000000000000000000e+00 4.774648292756860428e+02 9.747398218022866878e-01
0.000000000000000000e+00 0.000000000000000000e+00 0.000000000000000000e+00 4.933803235848755548e+02 9.731734276835446451e-01
0.000000000000000000e+00 0.000000000000000000e+00 0.000000000000000000e+00 5.092958178940650669e+02 9.715738087242261622e-01
0.000000000000000000e+00 0.000000000000000000e+00 0.000000000000000000e+00 5.252113122032545789e+02 9.699424840404464732e-01
0.000000000000000000e+00 0.000000000000000000e+00 0.000000000000000000e+00 5.411268065124442046e+02 9.682809875236499941e-01
0.000000000000000000e+00 0.000000000000000000e+00 0.000000000000000000e+00 5.570423008216337166e+02 9.665908654879673545e-01
0.000000000000000000e+00 0.000000000000000000e+00 0.000000000000000000e+00 5.729577951308232286e+02 9.648736743452559494e-01
0.000000000000000000e+00 0.000000000000000000e+00 0.000000000000000000e+00 5.888732894400127407e+02 9.631309783131862812e-01
0.000000000000000000e+00 0.000000000000000000e+00 0.000000000000000000e+00 6.047887837492022527e+02 9.613643471614650160e-01
0.000000000000000000e+00 0.000000000000000000e+00 0.000000000000000000e+00 6.207042780583918784e+02 9.595753540010253380e-01
0.000000000000000000e+00 0.000000000000000000e+00 0.000000000000000000e+00 6.366197723675813904e+02 9.577655731207237455e-01
0.000000000000000000e+00 0.000000000000000000e+00 0.000000000000000000e+00 6.525352666767709024e+02 9.559365778757933363e-01
0.000000000000000000e+00 0.000000000000000000e+00 0.000000000000000000e+00 6.684507609859604145e+02 9.540899386319985354e-01
0.000000000000000000e+00 0.000000000000000000e+00 0.000000000000000000e+00 6.843662552951499265e+02 9.522272207691312440e-01
0.000000000000000000e+00 0.000000000000000000e+00 0.000000000000000000e+00 7.002817496043395522e+02 9.503499827471746375e-01
0.000000000000000000e+00 0.000000000000000000e+00 0.000000000000000000e+00 7.161972439135290642e+02 9.484597742381412067e-01
0.000000000000000000e+00 0.000000000000000000e+00 0.000000000000000000e+00 7.321127382227185763e+02 9.465581343262827740e-01
0.000000000000000000e+00 0.000000000000000000e+00 0.000000000000000000e+00 7.480282325319080883e+02 9.446465897790428112e-01
0.000000000000000000e+00 0.000000000000000000e+00 0.000000000000000000e+00 7.639437268410976003e+02 9.427266533908178481e-01
0.000000000000000000e+00 0.000000000000000000e+00 0.000000000000000000e+00 7.798592211502872260e+02 9.407998224012716904e-01
0.000000000000000000e+00 0.000000000000000000e+00 0.000000000000000000e+00 7.957747154594767380e+02 9.388675769896492884e-01
0.000000000000000000e+00 0.000000000000000000e+00 0.000000000000000000e+00 8.116902097686662501e+02 9.369313788462274584e-01
0.000000000000000000e+00 0.000000000000000000e+00 0.000000000000000000e+00 8.276057040778557621e+02 9.349926698217521093e-01
0.000000000000000000e+00 0.000000000000000000e+00 0.000000000000000000e+00 8.435211983870452741e+02 9.330528706554219731e-01
0.000000000000000000e+00 0.000000000000000000e+00 0.000000000000000000e+00 8.594366926962348998e+02 9.311133797817030544e-01
0.000000000000000000e+00 0.000000000000000000e+00 0.000000000000000000e+00 8.753521870054244118e+02 9.291755722159935615e-01
0.000000000000000000e+00 0.000000000000000000e+00 0.000000000000000000e+00 8.912676813146139239e+02 9.272407985189008439e-01
0.000000000000000000e+00 0.000000000000000000e+00 0.000000000000000000e+00 9.071831756238034359e+02 9.253103838386492752e-01
0.000000000000000000e+00 0.000000000000000000e+00 0.000000000000000000e+00 9.230986699329929479e+02 9.233856270309094283e-01
0.000000000000000000e+00 0.000000000000000000e+00 0.000000000000000000e+00 9.390141642421825736e+02 9.214677998551137339e-01
0.000000000000000000e+00 0.000000000000000000e+00 0.000000000000000000e+00 9.549296585513720856e+02 9.195581462461254185e-01
0.000000000000000000e+00 0.000000000000000000e+00 0.000000000000000000e+00 9.708451528605615977e+02 9.176578816599325616e-01
0.000000000000000000e+00 0.000000000000000000e+00 0.000000000000000000e+00 9.867606471697511097e+02 9.157681924918575911e-01
0.000000000000000000e+00 0.000000000000000000e+00 0.000000000000000000e+00 1.002676141478940622e+03 9.138902355656177701e-01
0.000000000000000000e+00 0.000000000000000000e+00 0.000000000000000000e+00 1.018591635788130134e+03 9.120251376914110253e-01
0.000000000000000000e+00 0.000000000000000000e+00 0.000000000000000000e+00 1.034507130097319759e+03 9.101739952910741227e-01
0.000000000000000000e+00 0.000000000000000000e+00 0.000000000000000000e+00 1.050422624406509158e+03 9.083378740882319669e-01
0.000000000000000000e+00 0.000000000000000000e+00 0.000000000000000000e+00 1.066338118715698783e+03 9.065178088612537710e-01
0.000000000000000000e+00 0.000000000000000000e+00 0.000000000000000000e+00 1.082253613024888409e+03 9.047148032567313702e-01
0.000000000000000000e+00 0.000000000000000000e+00 0.000000000000000000e+00 1.098169107334077808e+03 9.029298296611166785e-01
0.000000000000000000e+00 0.000000000000000000e+00 0.000000000000000000e+00 1.114084601643267433e+03 9.011638291280859026e-01
0.000000000000000000e+00 0.000000000000000000e+00 0.000000000000000000e+00 1.130000095952456832e+03 8.994177113591418360e-01
0.000000000000000000e+00 0.000000000000000000e+00 0.000000000000000000e+00 1.145915590261646457e+03 8.976923547349195953e-01
0.000000000000000000e+00 0.000000000000000000e+00 0.000000000000000000e+00 1.161831084570836083e+03 8.959886063946316259e-01
0.000000000000000000e+00 0.000000000000000000e+00 0.000000000000000000e+00 1.177746578880025481e+03 8.943072823610640487e-01
0.000000000000000000e+00 0.000000000000000000e+00 0.000000000000000000e+00 1.193662073189215107e+03 8.926491677085255372e-01
0.000000000000000000e+00 0.000000000000000000e+00 0.000000000000000000e+00 1.209577567498404505e+03 8.910150167711523572e-01
0.000000000000000000e+00 0.000000000000000000e+00 0.000000000000000000e+00 1.225493061807594131e+03 8.894055533889768661e-01
0.000000000000000000e+00 0.000000000000000000e+00 0.000000000000000000e+00 1.241408556116783757e+03 8.878214711891885269e-01
0.000000000000000000e+00 0.000000000000000000e+00 0.000000000000000000e+00 1.257324050425973155e+03 8.862634339000430295e-01
0.000000000000000000e+00 0.000000000000000000e+00 0.000000000000000000e+00 1.273239544735162781e+03 8.847320756949016429e-01
0.000000000000000000e+00 0.000000000000000000e+00 0.000000000000000000e+00 1.289155039044352179e+03 8.832280015639385473e-01
0.000000000000000000e+00 0.000000000000000000e+00 0.000000000000000000e+00 1.305070533353541805e+03 8.817517877110833124e-01
0.000000000000000000e+00 0.000000000000000000e+00 0.000000000000000000e+00 1.320986027662731431e+03 8.803039819738338601e-01
0.000000000000000000e+00 0.000000000000000000e+00 0.000000000000000000e+00 1.336901521971920829e+03 8.788851042636300903e-01
0.000000000000000000e+00 0.000000000000000000e+00 0.000000000000000000e+00 1.352817016281110455e+03 8.774956470245356410e-01
0.000000000000000000e+00 0.000000000000000000e+00 0.000000000000000000e+00 1.368732510590299853e+03 8.761360757080567385e-01
0.000000000000000000e+00 0.000000000000000000e+00 0.000000000000000000e+00 1.384648004899489479e+03 8.748068292619840536e-01
0.000000000000000000e+00 0.000000000000000000e+00 0.000000000000000000e+00 1.400563499208679104e+03 8.735083206312359572e-01
0.000000000000000000e+00 0.000000000000000000e+00 0.000000000000000000e+00 1.416478993517868503e+03 8.722409372687397466e-01
0.000000000000000000e+00 0.000000000000000000e+00 0.000000000000000000e+00 1.432394487827058128e+03 8.710050416544896645e-01
0.000000000000000000e+00 0.000000000000000000e+00 0.000000000000000000e+00 1.448309982136247527e+03 8.698009718209842589e-01
0.000000000000000000e+00 0.000000000000000000e+00 0.000000000000000000e+00 1.464225476445437153e+03 8.686290418833417792e-01
0.000000000000000000e+00 0.000000000000000000e+00 0.000000000000000000e+00 1.480140970754626778e+03 8.674895425724722386e-01
0.000000000000000000e+00 0.000000000000000000e+00 0.000000000000000000e+00 1.496056465063816177e+03 8.663827417697709254e-01
0.000000000000000000e+00 0.000000000000000000e+00 0.000000000000000000e+00 1.511971959373005802e+03 8.653088850418859668e-01
0.000000000000000000e+00 0.000000000000000000e+00 0.000000000000000000e+00 1.527887453682195201e+03 8.642681961741958130e-01
0.000000000000000000e+00 0.000000000000000000e+00 0.000000000000000000e+00 1.543802947991384826e+03 8.632608777017208856e-01
0.000000000000000000e+00 0.000000000000000000e+00 0.000000000000000000e+00 1.559718442300574452e+03 8.622871114362771205e-01
0.000000000000000000e+00 0.000000000000000000e+00 0.000000000000000000e+00 1.575633936609763850e+03 8.613470589887644024e-01
0.000000000000000000e+00 0.000000000000000000e+00 0.000000000000000000e+00 1.591549430918953476e+03 8.604408622855639344e-01
0.000000000000000000e+00 0.000000000000000000e+00 0.000000000000000000e+00 1.607464925228142874e+03 8.595686440781047377e-01
0.000000000000000000e+00 0.000000000000000000e+00 0.000000000000000000e+00 1.623380419537332500e+03 8.587305084447345305e-01
0.000000000000000000e+00 0.000000000000000000e+00 0.000000000000000000e+00 1.639295913846522126e+03 8.579265412841132754e-01
0.000000000000000000e+00 0.000000000000000000e+00 0.000000000000000000e+00 1.655211408155711524e+03 8.571568107994183006e-01
0.000000000000000000e+00 0.000000000000000000e+00 0.000000000000000000e+00 1.671126902464901150e+03 8.564213679727380457e-01
0.000000000000000000e+00 0.000000000000000000e+00 0.000000000000000000e+00 1.687042396774090548e+03 8.557202470290836693e-01
0.000000000000000000e+00 0.000000000000000000e+00 0.000000000000000000e+00 1.702957891083280174e+03 8.550534658895379003e-01
0.000000000000000000e+00 0.000000000000000000e+00 0.000000000000000000e+00 1.718873385392469800e+03 8.544210266131180287e-01
0.000000000000000000e+00 0.000000000000000000e+00 0.000000000000000000e+00 1.734788879701659198e+03 8.538229158269960983e-01
0.000000000000000000e+00 0.000000000000000000e+00 0.000000000000000000e+00 1.750704374010848824e+03 8.532591051447876440e-01
0.000000000000000000e+00 0.000000000000000000e+00 0.000000000000000000e+00 1.766619868320038222e+03 8.527295515726782682e-01
0.000000000000000000e+00 0.000000000000000000e+00 0.000000000000000000e+00 1.782535362629227848e+03 8.522341979032118653e-01
0.000000000000000000e+00 0.000000000000000000e+00 0.000000000000000000e+00 1.798450856938417473e+03 8.517729730966312474e-01
0.000000000000000000e+00 0.000000000000000000e+00 0.000000000000000000e+00 1.814366351247606872e+03 8.513457926496996730e-01
0.000000000000000000e+00 0.000000000000000000e+00 0.000000000000000000e+00 1.830281845556796497e+03 8.509525589520025024e-01
0.000000000000000000e+00 0.000000000000000000e+00 0.000000000000000000e+00 1.846197339865985896e+03 8.505931616297501829e-01
0.000000000000000000e+00 0.000000000000000000e+00 0.000000000000000000e+00 1.862112834175175522e+03 8.502674778771809327e-01
0.000000000000000000e+00 0.000000000000000000e+00 0.000000000000000000e+00 1.878028328484365147e+03 8.499753727756733657e-01
0.000000000000000000e+00 0.000000000000000000e+00 0.000000000000000000e+00 1.893943822793554546e+03 8.497166996007464723e-01
0.000000000000000000e+00 0.000000000000000000e+00 0.000000000000000000e+00 1.909859317102744171e+03 8.494913001171450206e-01
0.000000000000000000e+00 0.000000000000000000e+00 0.000000000000000000e+00 1.925774811411933570e+03 8.492990048622501842e-01
0.000000000000000000e+00 0.000000000000000000e+00 0.000000000000000000e+00 1.941690305721123195e+03 8.491396334180933980e-01
0.000000000000000000e+00 0.000000000000000000e+00 0.000000000000000000e+00 1.957605800030312594e+03 8.490129946722718701e-01
0.000000000000000000e+00 0.000000000000000000e+00 0.000000000000000000e+00 1.973521294339502219e+03 8.489188870681054766e-01
0.000000000000000000e+00 0.000000000000000000e+00 0.000000000000000000e+00 1.989436788648691845e+03 8.488570988443893128e-01
0.000000000000000000e+00 0.000000000000000000e+00 0.000000000000000000e+00 2.005352282957881243e+03 8.488274082651295904e-01
0.000000000000000000e+00 0.000000000000000000e+00 0.000000000000000000e+00 2.021267777267070869e+03 8.488295838396686666e-01
0.000000000000000000e+00 0.000000000000000000e+00 0.000000000000000000e+00 2.037183271576260267e+03 8.488633845336224226e-01
0.000000000000000000e+00 0.000000000000000000e+00 0.000000000000000000e+00 2.053098765885450121e+03 8.489285599710796326e-01
0.000000000000000000e+00 0.000000000000000000e+00 0.000000000000000000e+00 2.069014260194639519e+03 8.490248506285171803e-01
0.000000000000000000e+00 0.000000000000000000e+00 0.000000000000000000e+00 2.084929754503828917e+03 8.491519880209099647e-01
0.000000000000000000e+00 0.000000000000000000e+00 0.000000000000000000e+00 2.100845248813018316e+03 8.493096948805178847e-01
0.000000000000000000e+00 0.000000000000000000e+00 0.000000000000000000e+00 2.116760743122208169e+03 8.494976853288462859e-01
0.000000000000000000e+00 0.000000000000000000e+00 0.000000000000000000e+00 2.132676237431397567e+03 8.497156650422856838e-01
0.000000000000000000e+00 0.000000000000000000e+00 0.000000000000000000e+00 2.148591731740586965e+03 8.499633314119388050e-01
0.000000000000000000e+00 0.000000000000000000e+00 0.000000000000000000e+00 2.164507226049776818e+03 8.502403736981490878e-01
0.000000000000000000e+00 0.000000000000000000e+00 0.000000000000000000e+00 2.180422720358966217e+03 8.505464731802514500e-01
0.000000000000000000e+00 0.000000000000000000e+00 0.000000000000000000e+00 2.196338214668155615e+03 8.508813033020619088e-01
0.000000000000000000e+00 0.000000000000000000e+00 0.000000000000000000e+00 2.212253708977345468e+03 8.512445298136237515e-01
0.000000000000000000e+00 0.000000000000000000e+00 0.000000000000000000e+00 2.228169203286534866e+03 8.516358109097308393e-01
0.000000000000000000e+00 0.000000000000000000e+00 0.000000000000000000e+00 2.244084697595724265e+03 8.520547973657353058e-01
0.000000000000000000e+00 0.000000000000000000e+00 0.000000000000000000e+00 2.260000191904913663e+03 8.525011326711521287e-01
0.000000000000000000e+00 0.000000000000000000e+00 0.000000000000000000e+00 2.275915686214103516e+03 8.529744531615622849e-01
0.000000000000000000e+00 0.000000000000000000e+00 0.000000000000000000e+00 2.291831180523292915e+03 8.534743881493027651e-01
0.000000000000000000e+00 0.000000000000000000e+00 0.000000000000000000e+00 2.307746674832482313e+03 8.540005600534363861e-01
0.000000000000000000e+00 0.000000000000000000e+00 0.000000000000000000e+00 2.323662169141672166e+03 8.545525845294696943e-01
0.000000000000000000e+00 0.000000000000000000e+00 0.000000000000000000e+00 2.339577663450861564e+03 8.551300705992805895e-01
0.000000000000000000e+00 0.000000000000000000e+00 0.000000000000000000e+00 2.355493157760050963e+03 8.557326207817115282e-01
0.000000000000000000e+00 0.000000000000000000e+00 0.000000000000000000e+00 2.371408652069240816e+03 8.563598312242551858e-01
0.000000000000000000e+00 0.000000000000000000e+00 0.000000000000000000e+00 2.387324146378430214e+03 8.570112918362624566e-01
0.000000000000000000e+00 0.000000000000000000e+00 0.000000000000000000e+00 2.403239640687619612e+03 8.576865864240657000e-01
0.000000000000000000e+00 0.000000000000000000e+00 0.000000000000000000e+00 2.419155134996809011e+03 8.583852928284108064e-01
0.000000000000000000e+00 0.000000000000000000e+00 0.000000000000000000e+00 2.435070629305998864e+03 8.591069830645690075e-01
0.000000000000000000e+00 0.000000000000000000e+00 0.000000000000000000e+00 2.450986123615188262e+03 8.598512234654656083e-01
0.000000000000000000e+00 0.000000000000000000e+00 0.000000000000000000e+00 2.466901617924377661e+03 8.606175748281692517e-01
0.000000000000000000e+00 0.000000000000000000e+00 0.000000000000000000e+00 2.482817112233567514e+03 8.614055925640380362e-01
0.000000000000000000e+00 0.000000000000000000e+00 0.000000000000000000e+00 2.498732606542756912e+03 8.622148268528162518e-01
0.000000000000000000e+00 0.000000000000000000e+00 0.000000000000000000e+00 2.514648100851946310e+03 8.630448228009430789e-01
0.000000000000000000e+00 0.000000000000000000e+00 0.000000000000000000e+00 2.530563595161136163e+03 8.638951206043137265e-01
0.000000000000000000e+00 0.000000000000000000e+00 0.000000000000000000e+00 2.546479089470325562e+03 8.647652557157141651e-01
0.000000000000000000e+00 0.000000000000000000e+00 0.000000000000000000e+00 2.562394583779514960e+03 8.656547590171203010e-01
0.000000000000000000e+00 0.000000000000000000e+00 0.000000000000000000e+00 2.578310078088704358e+03 8.665631569970317916e-01
0.000000000000000000e+00 0.000000000000000000e+00 0.000000000000000000e+00 2.594225572397894211e+03 8.674899719329870473e-01
0.000000000000000000e+00 0.000000000000000000e+00 0.000000000000000000e+00 2.610141066707083610e+03 8.684347220793762201e-01
0.000000000000000000e+00 0.000000000000000000e+00 0.000000000000000000e+00 2.626056561016273008e+03 8.693969218606488747e-01
0.000000000000000000e+00 0.000000000000000000e+00 0.000000000000000000e+00 2.641972055325462861e+03 8.703760820699844025e-01
0.000000000000000000e+00 0.000000000000000000e+00 0.000000000000000000e+00 2.657887549634652260e+03 8.713717100734665877e-01
0.000000000000000000e+00 0.000000000000000000e+00 0.000000000000000000e+00 2.673803043943841658e+03 8.723833100197848633e-01
0.000000000000000000e+00 0.000000000000000000e+00 0.000000000000000000e+00 2.689718538253031056e+03 8.734103830554487136e-01
0.000000000000000000e+00 0.000000000000000000e+00 0.000000000000000000e+00 2.705634032562220909e+03 8.744524275454850226e-01
0.000000000000000000e+00 0.000000000000000000e+00 0.000000000000000000e+00 2.721549526871410308e+03 8.755089392995611952e-01
0.000000000000000000e+00 0.000000000000000000e+00 0.000000000000000000e+00 2.737465021180599706e+03 8.765794118034462290e-01
0.000000000000000000e+00 0.000000000000000000e+00 0.000000000000000000e+00 2.753380515489789559e+03 8.776633364557053785e-01
0.000000000000000000e+00 0.000000000000000000e+00 0.000000000000000000e+00 2.769296009798978957e+03 8.787602028094965156e-01
0.000000000000000000e+00 0.000000000000000000e+00 0.000000000000000000e+00 2.785211504108168356e+03 8.798694988193080935e-01
0.000000000000000000e+00 0.000000000000000000e+00 0.000000000000000000e+00 2.801126998417358209e+03 8.809907110924622975e-01
0.000000000000000000e+00 0.000000000000000000e+00 0.000000000000000000e+00 2.817042492726547607e+03 8.821233251451849888e-01
0.000000000000000000e+00 0.000000000000000000e+00 0.000000000000000000e+00 2.832957987035737005e+03 8.832668256630102910e-01
0.000000000000000000e+00 0.000000000000000000e+00 0.000000000000000000e+00 2.848873481344926404e+03 8.844206967652818996e-01
0.000000000000000000e+00 0.000000000000000000e+00 0.000000000000000000e+00 2.864788975654116257e+03 8.855844222734876592e-01
0.000000000000000000e+00 0.000000000000000000e+00 0.000000000000000000e+00 2.880704469963305655e+03 8.867574859831339751e-01
0.000000000000000000e+00 0.000000000000000000e+00 0.000000000000000000e+00 2.896619964272495054e+03 8.879393719388666284e-01
0.000000000000000000e+00 0.000000000000000000e+00 0.000000000000000000e+00 2.912535458581684907e+03 8.891295647125126989e-01
0.000000000000000000e+00 0.000000000000000000e+00 0.000000000000000000e+00 2.928450952890874305e+03 8.903275496837080860e-01
0.000000000000000000e+00 0.000000000000000000e+00 0.000000000000000000e+00 2.944366447200063703e+03 8.915328133227581331e-01
0.000000000000000000e+00 0.000000000000000000e+00 0.000000000000000000e+00 2.960281941509253556e+03 8.927448434753655349e-01
0.000000000000000000e+00 0.000000000000000000e+00 0.000000000000000000e+00 2.976197435818442955e+03 8.939631296488450563e-01
0.000000000000000000e+00 0.000000000000000000e+00 0.000000000000000000e+00 2.992112930127632353e+03 8.951871632994372607e-01
0.000000000000000000e+00 0.000000000000000000e+00 0.000000000000000000e+00 3.008028424436821751e+03 8.964164381203134635e-01
0.000000000000000000e+00 0.000000000000000000e+00 0.000000000000000000e+00 3.023943918746011605e+03 8.976504503298669002e-01
0.000000000000000000e+00 0.000000000000000000e+00 0.000000000000000000e+00 3.039859413055201003e+03 8.988886989598702248e-01
0.000000000000000000e+00 0.000000000000000000e+00 0.000000000000000000e+00 3.055774907364390401e+03 9.001306861430696804e-01
0.000000000000000000e+00 0.000000000000000000e+00 0.000000000000000000e+00 3.071690401673580254e+03 9.013759173997910601e-01
0.000000000000000000e+00 0.000000000000000000e+00 0.000000000000000000e+00 3.087605895982769653e+03 9.026239019231180327e-01
0.000000000000000000e+00 0.000000000000000000e+00 0.000000000000000000e+00 3.103521390291959051e+03 9.038741528622107335e-01
0.000000000000000000e+00 0.000000000000000000e+00 0.000000000000000000e+00 3.119436884601148904e+03 9.051261876033194209e-01
0.000000000000000000e+00 0.000000000000000000e+00 0.000000000000000000e+00 3.135352378910338302e+03 9.063795280480638761e-01
0.000000000000000000e+00 0.000000000000000000e+00 0.000000000000000000e+00 3.151267873219527701e+03 9.076337008885331237e-01
0.000000000000000000e+00 0.000000000000000000e+00 0.000000000000000000e+00 3.167183367528717099e+03 9.088882378787799254e-01
0.000000000000000000e+00 0.000000000000000000e+00 0.000000000000000000e+00 3.183098861837906952e+03 9.101426761022730627e-01
0.000000000000000000e+00 0.000000000000000000e+00 0.000000000000000000e+00 3.199014356147096350e+03 9.113965582348908523e-01
0.000000000000000000e+00 0.000000000000000000e+00 0.000000000000000000e+00 3.214929850456285749e+03 9.126494328030330117e-01
0.000000000000000000e+00 0.000000000000000000e+00 0.000000000000000000e+00 3.230845344765475602e+03 9.139008544364453090e-01
0.000000000000000000e+00 0.000000000000000000e+00 0.000000000000000000e+00 3.246760839074665000e+03 9.151503841153552088e-01
0.000000000000000000e+00 0.000000000000000000e+00 0.000000000000000000e+00 3.262676333383854399e+03 9.163975894115311549e-01
0.000000000000000000e+00 0.000000000000000000e+00 0.000000000000000000e+00 3.278591827693044252e+03 9.176420447228850197e-01
0.000000000000000000e+00 0.000000000000000000e+00 0.000000000000000000e+00 3.294507322002233650e+03 9.188833315012545633e-01
0.000000000000000000e+00 0.000000000000000000e+00 0.000000000000000000e+00 3.310422816311423048e+03 9.201210384730146297e-01
0.000000000000000000e+00 0.000000000000000000e+00 0.000000000000000000e+00 3.326338310620612447e+03 9.213547618521769067e-01
0.000000000000000000e+00 0.000000000000000000e+00 0.000000000000000000e+00 3.342253804929802300e+03 9.225841055456605044e-01
0.000000000000000000e+00 0.000000000000000000e+00 0.000000000000000000e+00 3.358169299238991698e+03 9.238086813504260419e-01
0.000000000000000000e+00 0.000000000000000000e+00 0.000000000000000000e+00 3.374084793548181096e+03 9.250281091421856949e-01
0.000000000000000000e+00 0.000000000000000000e+00 0.000000000000000000e+00 3.390000287857370949e+03 9.262420170554179766e-01
0.000000000000000000e+00 0.000000000000000000e+00 0.000000000000000000e+00 3.405915782166560348e+03 9.274500416544386727e-01
0.000000000000000000e+00 0.000000000000000000e+00 0.000000000000000000e+00 3.421831276475749746e+03 9.286518280952915649e-01
0.000000000000000000e+00 0.000000000000000000e+00 0.000000000000000000e+00 3.437746770784939599e+03 9.298470302782473329e-01
0.000000000000000000e+00 0.000000000000000000e+00 0.000000000000000000e+00 3.453662265094128998e+03 9.310353109907202329e-01
0.000000000000000000e+00 0.000000000000000000e+00 0.000000000000000000e+00 3.469577759403318396e+03 9.322163420404251388e-01
0.000000000000000000e+00 0.000000000000000000e+00 0.000000000000000000e+00 3.485493253712507794e+03 9.333898043786283960e-01
0.000000000000000000e+00 0.000000000000000000e+00 0.000000000000000000e+00 3.501408748021697647e+03 9.345553882133574852e-01
0.000000000000000000e+00 0.000000000000000000e+00 0.000000000000000000e+00 3.517324242330887046e+03 9.357127931124626929e-01
0.000000000000000000e+00 0.000000000000000000e+00 0.000000000000000000e+00 3.533239736640076444e+03 9.368617280964414151e-01
0.000000000000000000e+00 0.000000000000000000e+00 0.000000000000000000e+00 3.549155230949266297e+03 9.380019117209571489e-01
0.000000000000000000e+00 0.000000000000000000e+00 0.000000000000000000e+00 3.565070725258455695e+03 9.391330721490083189e-01
0.000000000000000000e+00 0.000000000000000000e+00 0.000000000000000000e+00 3.580986219567645094e+03 9.402549472127215147e-01
0.000000000000000000e+00 0.000000000000000000e+00 0.000000000000000000e+00 3.596901713876834947e+03 9.413672844647663629e-01
0.000000000000000000e+00 0.000000000000000000e+00 0.000000000000000000e+00 3.612817208186024345e+03 9.424698412194045805e-01
0.000000000000000000e+00 0.000000000000000000e+00 0.000000000000000000e+00 3.628732702495213744e+03 9.435623845832169510e-01
0.000000000000000000e+00 0.000000000000000000e+00 0.000000000000000000e+00 3.644648196804403142e+03 9.446446914755579627e-01
0.000000000000000000e+00 0.000000000000000000e+00 0.000000000000000000e+00 3.660563691113592995e+03 9.457165486388212639e-01
0.000000000000000000e+00 0.000000000000000000e+00 0.000000000000000000e+00 3.676479185422782393e+03 9.467777526386047526e-01
0.000000000000000000e+00 0.000000000000000000e+00 0.000000000000000000e+00 3.692394679731971792e+03 9.478281098538967608e-01
0.000000000000000000e+00 0.000000000000000000e+00 0.000000000000000000e+00 3.708310174041161645e+03 9.488674364574087861e-01
0.000000000000000000e+00 0.000000000000000000e+00 0.000000000000000000e+00 3.724225668350351043e+03 9.498955583862089824e-01
0.000000000000000000e+00 0.000000000000000000e+00 0.000000000000000000e+00 3.740141162659540441e+03 9.509123113028208341e-01
0.000000000000000000e+00 0.000000000000000000e+00 0.000000000000000000e+00 3.756056656968730294e+03 9.519175405469680884e-01
0.000000000000000000e+00 0.000000000000000000e+00 0.000000000000000000e+00 3.771972151277919693e+03 9.529111010781666780e-01
0.000000000000000000e+00 0.000000000000000000e+00 0.000000000000000000e+00 3.787887645587109091e+03 9.538928574093729074e-01
0.000000000000000000e+00 0.000000000000000000e+00 0.000000000000000000e+00 3.803803139896298489e+03 9.548626835319136141e-01
0.000000000000000000e+00 0.000000000000000000e+00 0.000000000000000000e+00 3.819718634205488343e+03 9.558204628319399987e-01
0.000000000000000000e+00 0.000000000000000000e+00 0.000000000000000000e+00 3.835634128514677741e+03 9.567660879986528144e-01
0.000000000000000000e+00 0.000000000000000000e+00 0.000000000000000000e+00 3.851549622823867139e+03 9.576994609245614853e-01
0.000000000000000000e+00 0.000000000000000000e+00 0.000000000000000000e+00 3.867465117133056992e+03 9.586204925980521541e-01
0.000000000000000000e+00 0.000000000000000000e+00 0.000000000000000000e+00 3.883380611442246391e+03 9.595291029885418821e-01
0.000000000000000000e+00 0.000000000000000000e+00 0.000000000000000000e+00 3.899296105751435789e+03 9.604252209245156546e-01
0.000000000000000000e+00 0.000000000000000000e+00 0.000000000000000000e+00 3.915211600060625187e+03 9.613087839647376232e-01
0.000000000000000000e+00 0.000000000000000000e+00 0.000000000000000000e+00 3.931127094369815040e+03 9.621797382629475592e-01
0.000000000000000000e+00 0.000000000000000000e+00 0.000000000000000000e+00 3.947042588679004439e+03 9.630380384263503846e-01
0.000000000000000000e+00 0.000000000000000000e+00 0.000000000000000000e+00 3.962958082988193837e+03 9.638836473682168560e-01
0.000000000000000000e+00 0.000000000000000000e+00 0.000000000000000000e+00 3.978873577297383690e+03 9.647165361549130402e-01
0.000000000000000000e+00 0.000000000000000000e+00 0.000000000000000000e+00 3.994789071606573089e+03 9.655366838476862057e-01
0.000000000000000000e+00 0.000000000000000000e+00 0.000000000000000000e+00 4.010704565915762487e+03 9.663440773395308714e-01
0.000000000000000000e+00 0.000000000000000000e+00 0.000000000000000000e+00 4.026620060224952340e+03 9.671387111874635290e-01
0.000000000000000000e+00 0.000000000000000000e+00 0.000000000000000000e+00 4.042535554534141738e+03 9.679205874405358845e-01
0.000000000000000000e+00 0.000000000000000000e+00 0.000000000000000000e+00 4.058451048843331137e+03 9.686897154639154683e-01
0.000000000000000000e+00 0.000000000000000000e+00 0.000000000000000000e+00 4.074366543152520535e+03 9.694461117593613508e-01
0.000000000000000000e+00 0.000000000000000000e+00 0.000000000000000000e+00 4.090282037461710388e+03 9.701897997824231457e-01
0.000000000000000000e+00 0.000000000000000000e+00 0.000000000000000000e+00 4.106197531770900241e+03 9.709208097566881523e-01
0.000000000000000000e+00 0.000000000000000000e+00 0.000000000000000000e+00 4.122113026080089185e+03 9.716391784853986024e-01
0.000000000000000000e+00 0.000000000000000000e+00 0.000000000000000000e+00 4.138028520389279038e+03 9.723449491607576434e-01
0.000000000000000000e+00 0.000000000000000000e+00 0.000000000000000000e+00 4.153944014698467981e+03 9.730381711712409176e-01
0.000000000000000000e+00 0.000000000000000000e+00 0.000000000000000000e+00 4.169859509007657834e+03 9.737188999072212692e-01
0.000000000000000000e+00 0.000000000000000000e+00 0.000000000000000000e+00 4.185775003316847688e+03 9.743871965652132205e-01
0.000000000000000000e+00 0.000000000000000000e+00 0.000000000000000000e+00 4.201690497626036631e+03 9.750431279510372029e-01
0.000000000000000000e+00 0.000000000000000000e+00 0.000000000000000000e+00 4.217605991935226484e+03 9.756867662821949727e-01
0.000000000000000000e+00 0.000000000000000000e+00 0.000000000000000000e+00 4.233521486244416337e+03 9.763181889897438737e-01
0.000000000000000000e+00 0.000000000000000000e+00 0.000000000000000000e+00 4.249436980553605281e+03 9.769374785199497202e-01
0.000000000000000000e+00 0.000000000000000000e+00 0.000000000000000000e+00 4.265352474862795134e+03 9.775447221359891969e-01
0.000000000000000000e+00 0.000000000000000000e+00 0.000000000000000000e+00 4.281267969171984987e+03 9.781400117199666733e-01
0.000000000000000000e+00 0.000000000000000000e+00 0.000000000000000000e+00 4.297183463481173931e+03 9.787234435755014506e-01
0.000000000000000000e+00 0.000000000000000000e+00 0.000000000000000000e+00 4.313098957790363784e+03 9.792951182311320224e-01
0.000000000000000000e+00 0.000000000000000000e+00 0.000000000000000000e+00 4.329014452099553637e+03 9.798551402447772674e-01
0.000000000000000000e+00 0.000000000000000000e+00 0.000000000000000000e+00 4.344929946408742580e+03 9.804036180094835018e-01
0.000000000000000000e+00 0.000000000000000000e+00 0.000000000000000000e+00 4.360845440717932433e+03 9.809406635606797709e-01
0.000000000000000000e+00 0.000000000000000000e+00 0.000000000000000000e+00 4.376760935027122287e+03 9.814663923851498772e-01
0.000000000000000000e+00 0.000000000000000000e+00 0.000000000000000000e+00 4.392676429336311230e+03 9.819809232319258729e-01
0.000000000000000000e+00 0.000000000000000000e+00 0.000000000000000000e+00 4.408591923645501083e+03 9.824843779252945275e-01
0.000000000000000000e+00 0.000000000000000000e+00 0.000000000000000000e+00 4.424507417954690936e+03 9.829768811800989603e-01
0.000000000000000000e+00 0.000000000000000000e+00 0.000000000000000000e+00 4.440422912263879880e+03 9.834585604195096309e-01
0.000000000000000000e+00 0.000000000000000000e+00 0.000000000000000000e+00 4.456338406573069733e+03 9.839295455954273351e-01
0.000000000000000000e+00 0.000000000000000000e+00 0.000000000000000000e+00 4.472253900882258677e+03 9.843899690116728607e-01
0.000000000000000000e+00 0.000000000000000000e+00 0.000000000000000000e+00 4.488169395191448530e+03 9.848399651501071883e-01
0.000000000000000000e+00 0.000000000000000000e+00 0.000000000000000000e+00 4.504084889500638383e+03 9.852796704998156851e-01
0.000000000000000000e+00 0.000000000000000000e+00 0.000000000000000000e+00 4.520000383809827326e+03 9.857092233894833022e-01
0.000000000000000000e+00 0.000000000000000000e+00 0.000000000000000000e+00 4.535915878119017179e+03 9.861287638230755714e-01
0.000000000000000000e+00 0.000000000000000000e+00 0.000000000000000000e+00 4.551831372428207032e+03 9.865384333189308741e-01
0.000000000000000000e+00 0.000000000000000000e+00 0.000000000000000000e+00 4.567746866737395976e+03 9.869383747523619022e-01
0.000000000000000000e+00 0.000000000000000000e+00 0.000000000000000000e+00 4.583662361046585829e+03 9.873287322018551304e-01
0.000000000000000000e+00 0.000000000000000000e+00 0.000000000000000000e+00 4.599577855355775682e+03 9.877096507989457930e-01
0.000000000000000000e+00 0.000000000000000000e+00 0.000000000000000000e+00 4.615493349664964626e+03 9.880812765818405286e-01
0.000000000000000000e+00 0.000000000000000000e+00 0.000000000000000000e+00 4.631408843974154479e+03 9.884437563528483128e-01
0.000000000000000000e+00 0.000000000000000000e+00 0.000000000000000000e+00 4.647324338283344332e+03 9.887972375396754110e-01
0.000000000000000000e+00 0.000000000000000000e+00 0.000000000000000000e+00 4.663239832592533276e+03 9.891418680606270941e-01
0.000000000000000000e+00 0.000000000000000000e+00 0.000000000000000000e+00 4.679155326901723129e+03 9.894777961937571975e-01
0.000000000000000000e+00 0.000000000000000000e+00 0.000000000000000000e+00 4.695070821210912982e+03 9.898051704499932768e-01
0.000000000000000000e+00 0.000000000000000000e+00 0.000000000000000000e+00 4.710986315520101925e+03 9.901241394502612314e-01
0.000000000000000000e+00 0.000000000000000000e+00 0.000000000000000000e+00 4.726901809829291778e+03 9.904348518066252716e-01
0.000000000000000000e+00 0.000000000000000000e+00 0.000000000000000000e+00 4.742817304138481632e+03 9.907374560074516667e-01
0.000000000000000000e+00 0.000000000000000000e+00 0.000000000000000000e+00 4.758732798447670575e+03 9.910321003065987178e-01
0.000000000000000000e+00 0.000000000000000000e+00 0.000000000000000000e+00 4.774648292756860428e+03 9.913189326166286230e-01
0.000000000000000000e+00 0.000000000000000000e+00 0.000000000000000000e+00 4.790563787066049372e+03 9.915981004060319126e-01
0.000000000000000000e+00 0.000000000000000000e+00 0.000000000000000000e+00 4.806479281375239225e+03 9.918697506004470199e-01
0.000000000000000000e+00 0.000000000000000000e+00 0.000000000000000000e+00 4.822394775684429078e+03 9.921340294878548960e-01
0.000000000000000000e+00 0.000000000000000000e+00 0.000000000000000000e+00 4.838310269993618022e+03 9.923910826277219099e-01
0.000000000000000000e+00 0.000000000000000000e+00 0.000000000000000000e+00 4.854225764302807875e+03 9.926410547640571735e-01
0.000000000000000000e+00 0.000000000000000000e+00 0.000000000000000000e+00 4.870141258611997728e+03 9.928840897423507617e-01
0.000000000000000000e+00 0.000000000000000000e+00 0.000000000000000000e+00 4.886056752921186671e+03 9.931203304303504176e-01
0.000000000000000000e+00 0.000000000000000000e+00 0.000000000000000000e+00 4.901972247230376524e+03 9.933499186426302252e-01
0.000000000000000000e+00 0.000000000000000000e+00 0.000000000000000000e+00 4.917887741539566377e+03 9.935729950689058398e-01
0.000000000000000000e+00 0.000000000000000000e+00 0.000000000000000000e+00 4.933803235848755321e+03 9.937896992060391010e-01
0.000000000000000000e+00 0.000000000000000000e+00 0.000000000000000000e+00 4.949718730157945174e+03 9.940001692936796251e-01
0.000000000000000000e+00 0.000000000000000000e+00 0.000000000000000000e+00 4.965634224467135027e+03 9.942045422534815380e-01
0.000000000000000000e+00 0.000000000000000000e+00 0.000000000000000000e+00 4.981549718776323971e+03 9.944029536318340634e-01
0.000000000000000000e+00 0.000000000000000000e+00 0.000000000000000000e+00 4.997465213085513824e+03 9.945955375460415748e-01
0.000000000000000000e+00 0.000000000000000000e+00 0.000000000000000000e+00 5.013380707394703677e+03 9.947824266338834986e-01
0.000000000000000000e+00 0.000000000000000000e+00 0.000000000000000000e+00 5.029296201703892621e+03 9.949637520064873453e-01
0.000000000000000000e+00 0.000000000000000000e+00 0.000000000000000000e+00 5.045211696013082474e+03 9.951396432044409268e-01
0.000000000000000000e+00 0.000000000000000000e+00 0.000000000000000000e+00 5.061127190322272327e+03 9.953102281570709309e-01
0.000000000000000000e+00 0.000000000000000000e+00 0.000000000000000000e+00 5.077042684631461270e+03 9.954756331448132434e-01
0.000000000000000000e+00 0.000000000000000000e+00 0.000000000000000000e+00 5.092958178940651123e+03 9.956359827645981930e-01
0.000000000000000000e+00 0.000000000000000000e+00 0.000000000000000000e+00 5.108873673249840067e+03 9.957913998981732240e-01
0.000000000000000000e+00 0.000000000000000000e+00 0.000000000000000000e+00 5.124789167559029920e+03 9.959420056832832824e-01
0.000000000000000000e+00 0.000000000000000000e+00 0.000000000000000000e+00 5.140704661868219773e+03 9.960879194876322007e-01
0.000000000000000000e+00 0.000000000000000000e+00 0.000000000000000000e+00 5.156620156177408717e+03 9.962292588855414799e-01
0.000000000000000000e+00 0.000000000000000000e+00 0.000000000000000000e+00 5.172535650486598570e+03 9.963661396372286427e-01
0.000000000000000000e+00 0.000000000000000000e+00 0.000000000000000000e+00 5.188451144795788423e+03 9.964986756706227800e-01
0.000000000000000000e+00 0.000000000000000000e+00 0.000000000000000000e+00 5.204366639104977367e+03 9.966269790656367977e-01
0.000000000000000000e+00 0.000000000000000000e+00 0.000000000000000000e+00 5.220282133414167220e+03 9.967511600408145434e-01
0.000000000000000000e+00 0.000000000000000000e+00 0.000000000000000000e+00 5.236197627723357073e+03 9.968713269422738721e-01
0.000000000000000000e+00 0.000000000000000000e+00 0.000000000000000000e+00 5.252113122032546016e+03 9.969875862348611673e-01
0.000000000000000000e+00 0.000000000000000000e+00 0.000000000000000000e+00 5.268028616341735869e+03 9.971000424954411523e-01
0.000000000000000000e+00 0.000000000000000000e+00 0.000000000000000000e+00 5.283944110650925722e+03 9.972087984082391721e-01
0.000000000000000000e+00 0.000000000000000000e+00 0.000000000000000000e+00 5.299859604960114666e+03 9.973139547621573398e-01
0.000000000000000000e+00 0.000000000000000000e+00 0.000000000000000000e+00 5.315775099269304519e+03 9.974156104499871667e-01
0.000000000000000000e+00 0.000000000000000000e+00 0.000000000000000000e+00 5.331690593578494372e+03 9.975138624694388501e-01
0.000000000000000000e+00 0.000000000000000000e+00 0.000000000000000000e+00 5.347606087887683316e+03 9.976088059259116125e-01
0.000000000000000000e+00 0.000000000000000000e+00 0.000000000000000000e+00 5.363521582196873169e+03 9.977005340369295983e-01
0.000000000000000000e+00 0.000000000000000000e+00 0.000000000000000000e+00 5.379437076506062112e+03 9.977891381381662761e-01
0.000000000000000000e+00 0.000000000000000000e+00 0.000000000000000000e+00 5.395352570815251966e+03 9.978747076909860736e-01
0.000000000000000000e+00 0.000000000000000000e+00 0.000000000000000000e+00 5.411268065124441819e+03 9.979573302914287458e-01
0.000000000000000000e+00 0.000000000000000000e+00 0.000000000000000000e+00 5.427183559433630762e+03 9.980370916805667569e-01
0.000000000000000000e+00 0.000000000000000000e+00 0.000000000000000000e+00 5.443099053742820615e+03 9.981140757561633992e-01
0.000000000000000000e+00 0.000000000000000000e+00 0.000000000000000000e+00 5.459014548052010468e+03 9.981883645855658127e-01
0.000000000000000000e+00 0.000000000000000000e+00 0.000000000000000000e+00 5.474930042361199412e+03 9.982600384197626298e-01
0.000000000000000000e+00 0.000000000000000000e+00 0.000000000000000000e+00 5.490845536670389265e+03 9.983291757085426266e-01
0.000000000000000000e+00 0.000000000000000000e+00 0.000000000000000000e+00 5.506761030979579118e+03 9.983958531166894357e-01
0.000000000000000000e+00 0.000000000000000000e+00 0.000000000000000000e+00 5.522676525288768062e+03 9.984601455411475923e-01
0.000000000000000000e+00 0.000000000000000000e+00 0.000000000000000000e+00 5.538592019597957915e+03 9.985221261291024053e-01
0.000000000000000000e+00 0.000000000000000000e+00 0.000000000000000000e+00 5.554507513907147768e+03 9.985818662969091486e-01
0.000000000000000000e+00 0.000000000000000000e+00 0.000000000000000000e+00 5.570423008216336711e+03 9.986394357498180607e-01
0.000000000000000000e+00 0.000000000000000000e+00 0.000000000000000000e+00 5.586338502525526565e+03 9.986949025024343118e-01
0.000000000000000000e+00 0.000000000000000000e+00 0.000000000000000000e+00 5.602253996834716418e+03 9.987483328998602028e-01
0.000000000000000000e+00 0.000000000000000000e+00 0.000000000000000000e+00 5.618169491143905361e+03 9.987997916394670828e-01
0.000000000000000000e+00 0.000000000000000000e+00 0.000000000000000000e+00 5.634084985453095214e+03 9.988493417932418073e-01
0.000000000000000000e+00 0.000000000000000000e+00 0.000000000000000000e+00 5.650000479762285067e+03 9.988970448306605521e-01
0.000000000000000000e+00 0.000000000000000000e+00 0.000000000000000000e+00 5.665915974071474011e+03 9.989429606420405783e-01
0.000000000000000000e+00 0.000000000000000000e+00 0.000000000000000000e+00 5.681831468380663864e+03 9.989871475623220975e-01
0.000000000000000000e+00 0.000000000000000000e+00 0.000000000000000000e+00 5.697746962689852808e+03 9.990296623952357180e-01
0.000000000000000000e+00 0.000000000000000000e+00 0.000000000000000000e+00 5.713662456999042661e+03 9.990705604378116167e-01
0.000000000000000000e+00 0.000000000000000000e+00 0.000000000000000000e+00 5.729577951308232514e+03 9.991098955051873620e-01
0.000000000000000000e+00 0.000000000000000000e+00 0.000000000000000000e+00 5.745493445617421457e+03 9.991477199556757505e-01
0.000000000000000000e+00 0.000000000000000000e+00 0.000000000000000000e+00 5.761408939926611311e+03 9.991840847160506911e-01
0.000000000000000000e+00 0.000000000000000000e+00 0.000000000000000000e+00 5.777324434235801164e+03 9.992190393070157217e-01
0.000000000000000000e+00 0.000000000000000000e+00 0.000000000000000000e+00 5.793239928544990107e+03 9.992526318688188525e-01
0.000000000000000000e+00 0.000000000000000000e+00 0.000000000000000000e+00 5.809155422854179960e+03 9.992849091869788758e-01
0.000000000000000000e+00 0.000000000000000000e+00 0.000000000000000000e+00 5.825070917163369813e+03 9.993159167180887259e-01
0.000000000000000000e+00 0.000000000000000000e+00 0.000000000000000000e+00 5.840986411472558757e+03 9.993456986156672439e-01
0.000000000000000000e+00 0.000000000000000000e+00 0.000000000000000000e+00 5.856901905781748610e+03 9.993742977560264862e-01
0.000000000000000000e+00 0.000000000000000000e+00 0.000000000000000000e+00 5.872817400090938463e+03 9.994017557641272642e-01
0.000000000000000000e+00 0.000000000000000000e+00 0.000000000000000000e+00 5.888732894400127407e+03 9.994281130393944945e-01
0.000000000000000000e+00 0.000000000000000000e+00 0.000000000000000000e+00 5.904648388709317260e+03 9.994534087814668233e-01
0.000000000000000000e+00 0.000000000000000000e+00 0.000000000000000000e+00 5.920563883018507113e+03 9.994776810158565450e-01
0.000000000000000000e+00 0.000000000000000000e+00 0.000000000000000000e+00 5.936479377327696056e+03 9.995009666194945019e-01
0.000000000000000000e+00 0.000000000000000000e+00 0.000000000000000000e+00 5.952394871636885910e+03 9.995233013461390925e-01
0.000000000000000000e+00 0.000000000000000000e+00 0.000000000000000000e+00 5.968310365946075763e+03 9.995447198516285159e-01
0.000000000000000000e+00 0.000000000000000000e+00 0.000000000000000000e+00 5.984225860255264706e+03 9.995652557189552700e-01
