# Tone frequency (Hz)	Measured Fidelity	Simulated Fidelity	Frequency (Hz)	Analytic Fidelity
0.000000000000000000e+00 9.804471700000000345e-01 1.000000000000000000e+00 1.591549430918953456e-01 9.999999856084200722e-01
1.500000000000000000e+02 9.809434999999999683e-01 9.876010869604152642e-01 1.591549430918953334e+01 9.998561440390185684e-01
3.000000000000000000e+02 9.401215299999999830e-01 9.546598453231650572e-01 3.183098861837906668e+01 9.994252934011225165e-01
4.500000000000000000e+02 9.340181400000000522e-01 9.117470762004972196e-01 4.774648292756860002e+01 9.987095932624627803e-01
6.000000000000000000e+02 8.711353499999999750e-01 8.709101869377173788e-01 6.366197723675813336e+01 9.977125971564342333e-01
7.500000000000000000e+02 8.505652000000000212e-01 8.414844509324661548e-01 7.957747154594767380e+01 9.964392346919042076e-01
9.000000000000000000e+02 8.350028999999999924e-01 8.283581610828010255e-01 9.549296585513720004e+01 9.948957670671469966e-01
1.050000000000000000e+03 8.260808600000000279e-01 8.321992548433586601e-01 1.114084601643267405e+02 9.930897310680706358e-01
1.200000000000000000e+03 8.728000500000000494e-01 8.504029148212559619e-01 1.273239544735162667e+02 9.910298724084587452e-01
1.350000000000000000e+03 8.764956600000000098e-01 8.781411184763472377e-01 1.432394487827058072e+02 9.887260694195803001e-01
1.500000000000000000e+03 9.136238700000000046e-01 9.095566047390096776e-01 1.591549430918953476e+02 9.861892482236195301e-01
1.650000000000000000e+03 9.548426300000000255e-01 9.391980964460199255e-01 1.750704374010848881e+02 9.834312906275637367e-01
1.800000000000000000e+03 9.644759899999999497e-01 9.632866872479693976e-01 1.909859317102744001e+02 9.804649360498544075e-01
1.950000000000000000e+03 9.736354900000000478e-01 9.803249356675705073e-01 2.069014260194639405e+02 9.773036788404039221e-01
2.100000000000000000e+03 9.691641899999999810e-01 9.908086411601372268e-01 2.228169203286534810e+02 9.739616623754121516e-01
2.250000000000000000e+03 9.670293300000000203e-01 9.963642053673235077e-01 2.387324146378430214e+02 9.704535713024489141e-01
2.400000000000000000e+03 9.908927699999999783e-01 9.988437029447203575e-01 2.546479089470325334e+02 9.667945232798261790e-01
2.550000000000000000e+03 9.856485699999999461e-01 9.997340712590728762e-01 2.705634032562221023e+02 9.629999614993107748e-01
2.700000000000000000e+03 9.844381800000000515e-01 9.999668547383370187e-01 2.864788975654116143e+02 9.590855492051790776e-01
2.850000000000000000e+03 9.884687699999999966e-01 9.999997154254745002e-01 3.023943918746011263e+02 9.550670673283505607e-01
3.000000000000000000e+03 9.858571900000000499e-01 9.999985523426051515e-01 3.183098861837906952e+02 9.509603162450208647e-01
3.150000000000000000e+03 9.724082400000000348e-01 9.999989000813597206e-01 3.342253804929802072e+02 9.467810225481796405e-01
3.300000000000000000e+03 9.871955500000000328e-01 9.999999523728135831e-01 3.501408748021697761e+02 9.425447515910585494e-01
3.450000000000000000e+03 9.816746699999999715e-01 9.999997137714216056e-01 3.660563691113592881e+02 9.382668264272748804e-01
3.000000000000000000e+03 9.796739199999999759e-01 9.999985499010926038e-01 3.819718634205488001e+02 9.339622536364465821e-01
3.150000000000000000e+03 9.854744699999999913e-01 9.999988982283891659e-01 3.978873577297383690e+02 9.296456563893898961e-01
3.300000000000000000e+03 9.919439599999999579e-01 9.999999519664592995e-01 4.138028520389278810e+02 9.253312149763757155e-01
3.450000000000000000e+03 9.863783699999999488e-01 9.999997140734929735e-01 4.297183463481174499e+02 9.210326148977183713e-01
3.600000000000000000e+03 9.911652800000000374e-01 9.999992540303599409e-01 4.456338406573069619e+02 9.167630025002294625e-01
3.750000000000000000e+03 9.899915500000000534e-01 9.999994563598333386e-01 4.615493349664964740e+02 9.125349480373784461e-01
3.900000000000000000e+03 9.825824499999999961e-01 9.999999013417578686e-01 4.774648292756860428e+02 9.083604159366098774e-01
4.050000000000000000e+03 9.747604699999999900e-01 9.999999698266778259e-01 4.933803235848755548e+02 9.042507419749838959e-01
4.200000000000000000e+03 9.875365499999999574e-01 9.999997101546114209e-01 5.092958178940650669e+02 9.002166169945988727e-01
4.350000000000000000e+03 9.895071399999999517e-01 9.999995642684647024e-01 5.252113122032545789e+02 8.962680767322220854e-01
4.500000000000000000e+03 9.875081799999999577e-01 9.999997142239800407e-01 5.411268065124442046e+02 8.924144972930196928e-01
4.650000000000000000e+03 9.907754100000000230e-01 9.999999434145738775e-01 5.570423008216337166e+02 8.886645957657662853e-01
4.800000000000000000e+03 9.797195199999999549e-01 9.999999876232440466e-01 5.729577951308232286e+02 8.850264354557757507e-01
4.950000000000000000e+03 9.775822199999999462e-01 9.999998455570068279e-01 5.888732894400127407e+02 8.815074352011422754e-01
5.100000000000000000e+03 9.913016000000000050e-01 9.999997240455632541e-01 6.047887837492022527e+02 8.781143822367849516e-01
5.250000000000000000e+03 9.833346600000000270e-01 9.999997703167140539e-01 6.207042780583918784e+02 8.748534480781346989e-01
5.400000000000000000e+03 9.849855299999999980e-01 9.999999171475193460e-01 6.366197723675813904e+02 8.717302069110268725e-01
5.550000000000000000e+03 9.832274899999999818e-01 9.999999995308140877e-01 6.525352666767709024e+02 8.687496559953040709e-01
5.700000000000000000e+03 9.737173900000000160e-01 9.999999445738614323e-01 6.684507609859604145e+02 8.659162376157127916e-01
5.850000000000000000e+03 9.854272600000000271e-01 9.999998385802812972e-01 6.843662552951499265e+02 8.632338621438391257e-01
0.000000000000000000e+00 0.000000000000000000e+00 0.000000000000000000e+00 7.002817496043395522e+02 8.607059318080343413e-01
0.000000000000000000e+00 0.000000000000000000e+00 0.000000000000000000e+00 7.161972439135290642e+02 8.583353648036873285e-01
0.000000000000000000e+00 0.000000000000000000e+00 0.000000000000000000e+00 7.321127382227185763e+02 8.561246194128994125e-01
0.000000000000000000e+00 0.000000000000000000e+00 0.000000000000000000e+00 7.480282325319080883e+02 8.540757178399390748e-01
0.000000000000000000e+00 0.000000000000000000e+00 0.000000000000000000e+00 7.639437268410976003e+02 8.521902695061294164e-01
0.000000000000000000e+00 0.000000000000000000e+00 0.000000000000000000e+00 7.798592211502872260e+02 8.504694935845336090e-01
0.000000000000000000e+00 0.000000000000000000e+00 0.000000000000000000e+00 7.957747154594767380e+02 8.489142405904788191e-01
0.000000000000000000e+00 0.000000000000000000e+00 0.000000000000000000e+00 8.116902097686662501e+02 8.475250128782978454e-01
0.000000000000000000e+00 0.000000000000000000e+00 0.000000000000000000e+00 8.276057040778557621e+02 8.463019839273169254e-01
0.000000000000000000e+00 0.000000000000000000e+00 0.000000000000000000e+00 8.435211983870452741e+02 8.452450163309495057e-01
0.000000000000000000e+00 0.000000000000000000e+00 0.000000000000000000e+00 8.594366926962348998e+02 8.443536784315788246e-01
0.000000000000000000e+00 0.000000000000000000e+00 0.000000000000000000e+00 8.753521870054244118e+02 8.436272595706544308e-01
0.000000000000000000e+00 0.000000000000000000e+00 0.000000000000000000e+00 8.912676813146139239e+02 8.430647839480669425e-01
0.000000000000000000e+00 0.000000000000000000e+00 0.000000000000000000e+00 9.071831756238034359e+02 8.426650231073483654e-01
0.000000000000000000e+00 0.000000000000000000e+00 0.000000000000000000e+00 9.230986699329929479e+02 8.424265070836562952e-01
0.000000000000000000e+00 0.000000000000000000e+00 0.000000000000000000e+00 9.390141642421825736e+02 8.423475342698091284e-01
0.000000000000000000e+00 0.000000000000000000e+00 0.000000000000000000e+00 9.549296585513720856e+02 8.424261800719683446e-01
0.000000000000000000e+00 0.000000000000000000e+00 0.000000000000000000e+00 9.708451528605615977e+02 8.426603044409142207e-01
0.000000000000000000e+00 0.000000000000000000e+00 0.000000000000000000e+00 9.867606471697511097e+02 8.430475583773351378e-01
0.000000000000000000e+00 0.000000000000000000e+00 0.000000000000000000e+00 1.002676141478940622e+03 8.435853895201927966e-01
0.000000000000000000e+00 0.000000000000000000e+00 0.000000000000000000e+00 1.018591635788130134e+03 8.442710469360980019e-01
0.000000000000000000e+00 0.000000000000000000e+00 0.000000000000000000e+00 1.034507130097319759e+03 8.451015852347696367e-01
0.000000000000000000e+00 0.000000000000000000e+00 0.000000000000000000e+00 1.050422624406509158e+03 8.460738681411283935e-01
0.000000000000000000e+00 0.000000000000000000e+00 0.000000000000000000e+00 1.066338118715698783e+03 8.471845716583960018e-01
0.000000000000000000e+00 0.000000000000000000e+00 0.000000000000000000e+00 1.082253613024888409e+03 8.484301869587793643e-01
0.000000000000000000e+00 0.000000000000000000e+00 0.000000000000000000e+00 1.098169107334077808e+03 8.498070231389478479e-01
0.000000000000000000e+00 0.000000000000000000e+00 0.000000000000000000e+00 1.114084601643267433e+03 8.513112099765469676e-01
0.000000000000000000e+00 0.000000000000000000e+00 0.000000000000000000e+00 1.130000095952456832e+03 8.529387008215003618e-01
0.000000000000000000e+00 0.000000000000000000e+00 0.000000000000000000e+00 1.145915590261646457e+03 8.546852757518070831e-01
0.000000000000000000e+00 0.000000000000000000e+00 0.000000000000000000e+00 1.161831084570836083e+03 8.565465451180001022e-01
0.000000000000000000e+00 0.000000000000000000e+00 0.000000000000000000e+00 1.177746578880025481e+03 8.585179535934066575e-01
0.000000000000000000e+00 0.000000000000000000e+00 0.000000000000000000e+00 1.193662073189215107e+03 8.605947848389008392e-01
0.000000000000000000e+00 0.000000000000000000e+00 0.000000000000000000e+00 1.209577567498404505e+03 8.627721668809956723e-01
0.000000000000000000e+00 0.000000000000000000e+00 0.000000000000000000e+00 1.225493061807594131e+03 8.650450782909819836e-01
0.000000000000000000e+00 0.000000000000000000e+00 0.000000000000000000e+00 1.241408556116783757e+03 8.674083552404552311e-01
0.000000000000000000e+00 0.000000000000000000e+00 0.000000000000000000e+00 1.257324050425973155e+03 8.698566994950935882e-01
0.000000000000000000e+00 0.000000000000000000e+00 0.000000000000000000e+00 1.273239544735162781e+03 8.723846873940886981e-01
0.000000000000000000e+00 0.000000000000000000e+00 0.000000000000000000e+00 1.289155039044352179e+03 8.749867798473383029e-01
0.000000000000000000e+00 0.000000000000000000e+00 0.000000000000000000e+00 1.305070533353541805e+03 8.776573333665469434e-01
0.000000000000000000e+00 0.000000000000000000e+00 0.000000000000000000e+00 1.320986027662731431e+03 8.803906121299496235e-01
0.000000000000000000e+00 0.000000000000000000e+00 0.000000000000000000e+00 1.336901521971920829e+03 8.831808010636731376e-01
0.000000000000000000e+00 0.000000000000000000e+00 0.000000000000000000e+00 1.352817016281110455e+03 8.860220199059959389e-01
0.000000000000000000e+00 0.000000000000000000e+00 0.000000000000000000e+00 1.368732510590299853e+03 8.889083382042222148e-01
0.000000000000000000e+00 0.000000000000000000e+00 0.000000000000000000e+00 1.384648004899489479e+03 8.918337911777456384e-01
0.000000000000000000e+00 0.000000000000000000e+00 0.000000000000000000e+00 1.400563499208679104e+03 8.947923963654327295e-01
0.000000000000000000e+00 0.000000000000000000e+00 0.000000000000000000e+00 1.416478993517868503e+03 8.977781709609184979e-01
0.000000000000000000e+00 0.000000000000000000e+00 0.000000000000000000e+00 1.432394487827058128e+03 9.007851497260291884e-01
0.000000000000000000e+00 0.000000000000000000e+00 0.000000000000000000e+00 1.448309982136247527e+03 9.038074033605372204e-01
0.000000000000000000e+00 0.000000000000000000e+00 0.000000000000000000e+00 1.464225476445437153e+03 9.068390571960462943e-01
0.000000000000000000e+00 0.000000000000000000e+00 0.000000000000000000e+00 1.480140970754626778e+03 9.098743100731429001e-01
0.000000000000000000e+00 0.000000000000000000e+00 0.000000000000000000e+00 1.496056465063816177e+03 9.129074532542289511e-01
0.000000000000000000e+00 0.000000000000000000e+00 0.000000000000000000e+00 1.511971959373005802e+03 9.159328892197771133e-01
0.000000000000000000e+00 0.000000000000000000e+00 0.000000000000000000e+00 1.527887453682195201e+03 9.189451501932039967e-01
0.000000000000000000e+00 0.000000000000000000e+00 0.000000000000000000e+00 1.543802947991384826e+03 9.219389162392170878e-01
0.000000000000000000e+00 0.000000000000000000e+00 0.000000000000000000e+00 1.559718442300574452e+03 9.249090327823432656e-01
0.000000000000000000e+00 0.000000000000000000e+00 0.000000000000000000e+00 1.575633936609763850e+03 9.278505273963858491e-01
0.000000000000000000e+00 0.000000000000000000e+00 0.000000000000000000e+00 1.591549430918953476e+03 9.307586257216989845e-01
0.000000000000000000e+00 0.000000000000000000e+00 0.000000000000000000e+00 1.607464925228142874e+03 9.336287663753151111e-01
0.000000000000000000e+00 0.000000000000000000e+00 0.000000000000000000e+00 1.623380419537332500e+03 9.364566147289768994e-01
0.000000000000000000e+00 0.000000000000000000e+00 0.000000000000000000e+00 1.639295913846522126e+03 9.392380754418165889e-01
0.000000000000000000e+00 0.000000000000000000e+00 0.000000000000000000e+00 1.655211408155711524e+03 9.419693036476073367e-01
0.000000000000000000e+00 0.000000000000000000e+00 0.000000000000000000e+00 1.671126902464901150e+03 9.446467147109431917e-01
0.000000000000000000e+00 0.000000000000000000e+00 0.000000000000000000e+00 1.687042396774090548e+03 9.472669924821370824e-01
0.000000000000000000e+00 0.000000000000000000e+00 0.000000000000000000e+00 1.702957891083280174e+03 9.498270959968087013e-01
0.000000000000000000e+00 0.000000000000000000e+00 0.000000000000000000e+00 1.718873385392469800e+03 9.523242645827787456e-01
0.000000000000000000e+00 0.000000000000000000e+00 0.000000000000000000e+00 1.734788879701659198e+03 9.547560213537382712e-01
0.000000000000000000e+00 0.000000000000000000e+00 0.000000000000000000e+00 1.750704374010848824e+03 9.571201750859475998e-01
0.000000000000000000e+00 0.000000000000000000e+00 0.000000000000000000e+00 1.766619868320038222e+03 9.594148204906656208e-01
0.000000000000000000e+00 0.000000000000000000e+00 0.000000000000000000e+00 1.782535362629227848e+03 9.616383369109096080e-01
0.000000000000000000e+00 0.000000000000000000e+00 0.000000000000000000e+00 1.798450856938417473e+03 9.637893854862245036e-01
0.000000000000000000e+00 0.000000000000000000e+00 0.000000000000000000e+00 1.814366351247606872e+03 9.658669048432462212e-01
0.000000000000000000e+00 0.000000000000000000e+00 0.000000000000000000e+00 1.830281845556796497e+03 9.678701053827584166e-01
0.000000000000000000e+00 0.000000000000000000e+00 0.000000000000000000e+00 1.846197339865985896e+03 9.697984622455541048e-01
0.000000000000000000e+00 0.000000000000000000e+00 0.000000000000000000e+00 1.862112834175175522e+03 9.716517070495787056e-01
0.000000000000000000e+00 0.000000000000000000e+00 0.000000000000000000e+00 1.878028328484365147e+03 9.734298184994810699e-01
0.000000000000000000e+00 0.000000000000000000e+00 0.000000000000000000e+00 1.893943822793554546e+03 9.751330119767744886e-01
0.000000000000000000e+00 0.000000000000000000e+00 0.000000000000000000e+00 1.909859317102744171e+03 9.767617282242788690e-01
0.000000000000000000e+00 0.000000000000000000e+00 0.000000000000000000e+00 1.925774811411933570e+03 9.783166212423961561e-01
0.000000000000000000e+00 0.000000000000000000e+00 0.000000000000000000e+00 1.941690305721123195e+03 9.797985455170856728e-01
0.000000000000000000e+00 0.000000000000000000e+00 0.000000000000000000e+00 1.957605800030312594e+03 9.812085427002054105e-01
0.000000000000000000e+00 0.000000000000000000e+00 0.000000000000000000e+00 1.973521294339502219e+03 9.825478278622683526e-01
0.000000000000000000e+00 0.000000000000000000e+00 0.000000000000000000e+00 1.989436788648691845e+03 9.838177754356944860e-01
0.000000000000000000e+00 0.000000000000000000e+00 0.000000000000000000e+00 2.005352282957881243e+03 9.850199049634609239e-01
0.000000000000000000e+00 0.000000000000000000e+00 0.000000000000000000e+00 2.021267777267070869e+03 9.861558667637677633e-01
0.000000000000000000e+00 0.000000000000000000e+00 0.000000000000000000e+00 2.037183271576260267e+03 9.872274276160832862e-01
0.000000000000000000e+00 0.000000000000000000e+00 0.000000000000000000e+00 2.053098765885450121e+03 9.882364565678541934e-01
0.000000000000000000e+00 0.000000000000000000e+00 0.000000000000000000e+00 2.069014260194639519e+03 9.891849109543917606e-01
0.000000000000000000e+00 0.000000000000000000e+00 0.000000000000000000e+00 2.084929754503828917e+03 9.900748227171173310e-01
0.000000000000000000e+00 0.000000000000000000e+00 0.000000000000000000e+00 2.100845248813018316e+03 9.909082850976200785e-01
0.000000000000000000e+00 0.000000000000000000e+00 0.000000000000000000e+00 2.116760743122208169e+03 9.916874397769452898e-01
0.000000000000000000e+00 0.000000000000000000e+00 0.000000000000000000e+00 2.132676237431397567e+03 9.924144645213595073e-01
0.000000000000000000e+00 0.000000000000000000e+00 0.000000000000000000e+00 2.148591731740586965e+03 9.930915613876005743e-01
0.000000000000000000e+00 0.000000000000000000e+00 0.000000000000000000e+00 2.164507226049776818e+03 9.937209455324644836e-01
0.000000000000000000e+00 0.000000000000000000e+00 0.000000000000000000e+00 2.180422720358966217e+03 9.943048346635592338e-01
0.000000000000000000e+00 0.000000000000000000e+00 0.000000000000000000e+00 2.196338214668155615e+03 9.948454391602936653e-01
0.000000000000000000e+00 0.000000000000000000e+00 0.000000000000000000e+00 2.212253708977345468e+03 9.953449528867007734e-01
0.000000000000000000e+00 0.000000000000000000e+00 0.000000000000000000e+00 2.228169203286534866e+03 9.958055447106128888e-01
0.000000000000000000e+00 0.000000000000000000e+00 0.000000000000000000e+00 2.244084697595724265e+03 9.962293507370325596e-01
0.000000000000000000e+00 0.000000000000000000e+00 0.000000000000000000e+00 2.260000191904913663e+03 9.966184672573379366e-01
0.000000000000000000e+00 0.000000000000000000e+00 0.000000000000000000e+00 2.275915686214103516e+03 9.969749444102393721e-01
0.000000000000000000e+00 0.000000000000000000e+00 0.000000000000000000e+00 2.291831180523292915e+03 9.973007805451874486e-01
0.000000000000000000e+00 0.000000000000000000e+00 0.000000000000000000e+00 2.307746674832482313e+03 9.975979172742351908e-01
0.000000000000000000e+00 0.000000000000000000e+00 0.000000000000000000e+00 2.323662169141672166e+03 9.978682351941716711e-01
0.000000000000000000e+00 0.000000000000000000e+00 0.000000000000000000e+00 2.339577663450861564e+03 9.981135502570812612e-01
0.000000000000000000e+00 0.000000000000000000e+00 0.000000000000000000e+00 2.355493157760050963e+03 9.983356107643092114e-01
0.000000000000000000e+00 0.000000000000000000e+00 0.000000000000000000e+00 2.371408652069240816e+03 9.985360949561394861e-01
0.000000000000000000e+00 0.000000000000000000e+00 0.000000000000000000e+00 2.387324146378430214e+03 9.987166091672712298e-01
0.000000000000000000e+00 0.000000000000000000e+00 0.000000000000000000e+00 2.403239640687619612e+03 9.988786865164123174e-01
0.000000000000000000e+00 0.000000000000000000e+00 0.000000000000000000e+00 2.419155134996809011e+03 9.990237860969489736e-01
0.000000000000000000e+00 0.000000000000000000e+00 0.000000000000000000e+00 2.435070629305998864e+03 9.991532926346865517e-01
0.000000000000000000e+00 0.000000000000000000e+00 0.000000000000000000e+00 2.450986123615188262e+03 9.992685165780472722e-01
0.000000000000000000e+00 0.000000000000000000e+00 0.000000000000000000e+00 2.466901617924377661e+03 9.993706945858333857e-01
0.000000000000000000e+00 0.000000000000000000e+00 0.000000000000000000e+00 2.482817112233567514e+03 9.994609903776869864e-01
0.000000000000000000e+00 0.000000000000000000e+00 0.000000000000000000e+00 2.498732606542756912e+03 9.995404959126696909e-01
0.000000000000000000e+00 0.000000000000000000e+00 0.000000000000000000e+00 2.514648100851946310e+03 9.996102328619209665e-01
0.000000000000000000e+00 0.000000000000000000e+00 0.000000000000000000e+00 2.530563595161136163e+03 9.996711543420994106e-01
0.000000000000000000e+00 0.000000000000000000e+00 0.000000000000000000e+00 2.546479089470325562e+03 9.997241468772484208e-01
0.000000000000000000e+00 0.000000000000000000e+00 0.000000000000000000e+00 2.562394583779514960e+03 9.997700325578194880e-01
0.000000000000000000e+00 0.000000000000000000e+00 0.000000000000000000e+00 2.578310078088704358e+03 9.998095713668218032e-01
0.000000000000000000e+00 0.000000000000000000e+00 0.000000000000000000e+00 2.594225572397894211e+03 9.998434636444121226e-01
0.000000000000000000e+00 0.000000000000000000e+00 0.000000000000000000e+00 2.610141066707083610e+03 9.998723526636772441e-01
0.000000000000000000e+00 0.000000000000000000e+00 0.000000000000000000e+00 2.626056561016273008e+03 9.998968272918781208e-01
0.000000000000000000e+00 0.000000000000000000e+00 0.000000000000000000e+00 2.641972055325462861e+03 9.999174247129896109e-01
0.000000000000000000e+00 0.000000000000000000e+00 0.000000000000000000e+00 2.657887549634652260e+03 9.999346331889829020e-01
0.000000000000000000e+00 0.000000000000000000e+00 0.000000000000000000e+00 2.673803043943841658e+03 9.999488948389250176e-01
0.000000000000000000e+00 0.000000000000000000e+00 0.000000000000000000e+00 2.689718538253031056e+03 9.999606084166172693e-01
0.000000000000000000e+00 0.000000000000000000e+00 0.000000000000000000e+00 2.705634032562220909e+03 9.999701320691316564e-01
0.000000000000000000e+00 0.000000000000000000e+00 0.000000000000000000e+00 2.721549526871410308e+03 9.999777860602341306e-01
0.000000000000000000e+00 0.000000000000000000e+00 0.000000000000000000e+00 2.737465021180599706e+03 9.999838554442874727e-01
0.000000000000000000e+00 0.000000000000000000e+00 0.000000000000000000e+00 2.753380515489789559e+03 9.999885926777964951e-01
0.000000000000000000e+00 0.000000000000000000e+00 0.000000000000000000e+00 2.769296009798978957e+03 9.999922201572950531e-01
0.000000000000000000e+00 0.000000000000000000e+00 0.000000000000000000e+00 2.785211504108168356e+03 9.999949326737522792e-01
0.000000000000000000e+00 0.000000000000000000e+00 0.000000000000000000e+00 2.801126998417358209e+03 9.999968997751152999e-01
0.000000000000000000e+00 0.000000000000000000e+00 0.000000000000000000e+00 2.817042492726547607e+03 9.999982680299698279e-01
0.000000000000000000e+00 0.000000000000000000e+00 0.000000000000000000e+00 2.832957987035737005e+03 9.999991631866166353e-01
0.000000000000000000e+00 0.000000000000000000e+00 0.000000000000000000e+00 2.848873481344926404e+03 9.999996922230997010e-01
0.000000000000000000e+00 0.000000000000000000e+00 0.000000000000000000e+00 2.864788975654116257e+03 9.999999452848971071e-01
0.000000000000000000e+00 0.000000000000000000e+00 0.000000000000000000e+00 2.880704469963305655e+03 9.999999975080824388e-01
0.000000000000000000e+00 0.000000000000000000e+00 0.000000000000000000e+00 2.896619964272495054e+03 9.999999107267922849e-01
0.000000000000000000e+00 0.000000000000000000e+00 0.000000000000000000e+00 2.912535458581684907e+03 9.999997350647807925e-01
0.000000000000000000e+00 0.000000000000000000e+00 0.000000000000000000e+00 2.928450952890874305e+03 9.999995104117156419e-01
0.000000000000000000e+00 0.000000000000000000e+00 0.000000000000000000e+00 2.944366447200063703e+03 9.999992677856645029e-01
0.000000000000000000e+00 0.000000000000000000e+00 0.000000000000000000e+00 2.960281941509253556e+03 9.999990305839374649e-01
0.000000000000000000e+00 0.000000000000000000e+00 0.000000000000000000e+00 2.976197435818442955e+03 9.999988157250923049e-01
0.000000000000000000e+00 0.000000000000000000e+00 0.000000000000000000e+00 2.992112930127632353e+03 9.999986346854754515e-01
0.000000000000000000e+00 0.000000000000000000e+00 0.000000000000000000e+00 3.008028424436821751e+03 9.999984944341639981e-01
0.000000000000000000e+00 0.000000000000000000e+00 0.000000000000000000e+00 3.023943918746011605e+03 9.999983982705932251e-01
0.000000000000000000e+00 0.000000000000000000e+00 0.000000000000000000e+00 3.039859413055201003e+03 9.999983465695054807e-01
0.000000000000000000e+00 0.000000000000000000e+00 0.000000000000000000e+00 3.055774907364390401e+03 9.999983374381411494e-01
0.000000000000000000e+00 0.000000000000000000e+00 0.000000000000000000e+00 3.071690401673580254e+03 9.999983672908105969e-01
0.000000000000000000e+00 0.000000000000000000e+00 0.000000000000000000e+00 3.087605895982769653e+03 9.999984313461451890e-01
0.000000000000000000e+00 0.000000000000000000e+00 0.000000000000000000e+00 3.103521390291959051e+03 9.999985240524280616e-01
0.000000000000000000e+00 0.000000000000000000e+00 0.000000000000000000e+00 3.119436884601148904e+03 9.999986394464522865e-01
0.000000000000000000e+00 0.000000000000000000e+00 0.000000000000000000e+00 3.135352378910338302e+03 9.999987714513535186e-01
0.000000000000000000e+00 0.000000000000000000e+00 0.000000000000000000e+00 3.151267873219527701e+03 9.999989141188112551e-01
0.000000000000000000e+00 0.000000000000000000e+00 0.000000000000000000e+00 3.167183367528717099e+03 9.999990618209300131e-01
0.000000000000000000e+00 0.000000000000000000e+00 0.000000000000000000e+00 3.183098861837906952e+03 9.999992093969769513e-01
0.000000000000000000e+00 0.000000000000000000e+00 0.000000000000000000e+00 3.199014356147096350e+03 9.999993522599930351e-01
0.000000000000000000e+00 0.000000000000000000e+00 0.000000000000000000e+00 3.214929850456285749e+03 9.999994864681052142e-01
0.000000000000000000e+00 0.000000000000000000e+00 0.000000000000000000e+00 3.230845344765475602e+03 9.999996087651450427e-01
0.000000000000000000e+00 0.000000000000000000e+00 0.000000000000000000e+00 3.246760839074665000e+03 9.999997165949459088e-01
0.000000000000000000e+00 0.000000000000000000e+00 0.000000000000000000e+00 3.262676333383854399e+03 9.999998080934295874e-01
0.000000000000000000e+00 0.000000000000000000e+00 0.000000000000000000e+00 3.278591827693044252e+03 9.999998820623257068e-01
0.000000000000000000e+00 0.000000000000000000e+00 0.000000000000000000e+00 3.294507322002233650e+03 9.999999379280865019e-01
0.000000000000000000e+00 0.000000000000000000e+00 0.000000000000000000e+00 3.310422816311423048e+03 9.999999756892704594e-01
0.000000000000000000e+00 0.000000000000000000e+00 0.000000000000000000e+00 3.326338310620612447e+03 9.999999958553796864e-01
0.000000000000000000e+00 0.000000000000000000e+00 0.000000000000000000e+00 3.342253804929802300e+03 9.999999993798438513e-01
0.000000000000000000e+00 0.000000000000000000e+00 0.000000000000000000e+00 3.358169299238991698e+03 9.999999875895534407e-01
0.000000000000000000e+00 0.000000000000000000e+00 0.000000000000000000e+00 3.374084793548181096e+03 9.999999621130644112e-01
0.000000000000000000e+00 0.000000000000000000e+00 0.000000000000000000e+00 3.390000287857370949e+03 9.999999248093163207e-01
0.000000000000000000e+00 0.000000000000000000e+00 0.000000000000000000e+00 3.405915782166560348e+03 9.999998776984434512e-01
0.000000000000000000e+00 0.000000000000000000e+00 0.000000000000000000e+00 3.421831276475749746e+03 9.999998228959989799e-01
0.000000000000000000e+00 0.000000000000000000e+00 0.000000000000000000e+00 3.437746770784939599e+03 9.999997625516721111e-01
0.000000000000000000e+00 0.000000000000000000e+00 0.000000000000000000e+00 3.453662265094128998e+03 9.999996987933512660e-01
0.000000000000000000e+00 0.000000000000000000e+00 0.000000000000000000e+00 3.469577759403318396e+03 9.999996336771703742e-01
0.000000000000000000e+00 0.000000000000000000e+00 0.000000000000000000e+00 3.485493253712507794e+03 9.999995691439819145e-01
0.000000000000000000e+00 0.000000000000000000e+00 0.000000000000000000e+00 3.501408748021697647e+03 9.999995069825210470e-01
0.000000000000000000e+00 0.000000000000000000e+00 0.000000000000000000e+00 3.517324242330887046e+03 9.999994487993606462e-01
0.000000000000000000e+00 0.000000000000000000e+00 0.000000000000000000e+00 3.533239736640076444e+03 9.999993959956159362e-01
0.000000000000000000e+00 0.000000000000000000e+00 0.000000000000000000e+00 3.549155230949266297e+03 9.999993497502281947e-01
0.000000000000000000e+00 0.000000000000000000e+00 0.000000000000000000e+00 3.565070725258455695e+03 9.999993110095483084e-01
0.000000000000000000e+00 0.000000000000000000e+00 0.000000000000000000e+00 3.580986219567645094e+03 9.999992804828479187e-01
0.000000000000000000e+00 0.000000000000000000e+00 0.000000000000000000e+00 3.596901713876834947e+03 9.999992586433116282e-01
0.000000000000000000e+00 0.000000000000000000e+00 0.000000000000000000e+00 3.612817208186024345e+03 9.999992457339984542e-01
0.000000000000000000e+00 0.000000000000000000e+00 0.000000000000000000e+00 3.628732702495213744e+03 9.999992417782230802e-01
0.000000000000000000e+00 0.000000000000000000e+00 0.000000000000000000e+00 3.644648196804403142e+03 9.999992465937673769e-01
0.000000000000000000e+00 0.000000000000000000e+00 0.000000000000000000e+00 3.660563691113592995e+03 9.999992598103220054e-01
0.000000000000000000e+00 0.000000000000000000e+00 0.000000000000000000e+00 3.676479185422782393e+03 9.999992808895470375e-01
0.000000000000000000e+00 0.000000000000000000e+00 0.000000000000000000e+00 3.692394679731971792e+03 9.999993091471479634e-01
0.000000000000000000e+00 0.000000000000000000e+00 0.000000000000000000e+00 3.708310174041161645e+03 9.999993437763774473e-01
0.000000000000000000e+00 0.000000000000000000e+00 0.000000000000000000e+00 3.724225668350351043e+03 9.999993838723959527e-01
0.000000000000000000e+00 0.000000000000000000e+00 0.000000000000000000e+00 3.740141162659540441e+03 9.999994284569577729e-01
0.000000000000000000e+00 0.000000000000000000e+00 0.000000000000000000e+00 3.756056656968730294e+03 9.999994765029236454e-01
0.000000000000000000e+00 0.000000000000000000e+00 0.000000000000000000e+00 3.771972151277919693e+03 9.999995269581460899e-01
0.000000000000000000e+00 0.000000000000000000e+00 0.000000000000000000e+00 3.787887645587109091e+03 9.999995787683172432e-01
0.000000000000000000e+00 0.000000000000000000e+00 0.000000000000000000e+00 3.803803139896298489e+03 9.999996308984248072e-01
0.000000000000000000e+00 0.000000000000000000e+00 0.000000000000000000e+00 3.819718634205488343e+03 9.999996823525054701e-01
0.000000000000000000e+00 0.000000000000000000e+00 0.000000000000000000e+00 3.835634128514677741e+03 9.999997321914444459e-01
0.000000000000000000e+00 0.000000000000000000e+00 0.000000000000000000e+00 3.851549622823867139e+03 9.999997795486206265e-01
0.000000000000000000e+00 0.000000000000000000e+00 0.000000000000000000e+00 3.867465117133056992e+03 9.999998236432481313e-01
0.000000000000000000e+00 0.000000000000000000e+00 0.000000000000000000e+00 3.883380611442246391e+03 9.999998637913161126e-01
0.000000000000000000e+00 0.000000000000000000e+00 0.000000000000000000e+00 3.899296105751435789e+03 9.999998994140808506e-01
0.000000000000000000e+00 0.000000000000000000e+00 0.000000000000000000e+00 3.915211600060625187e+03 9.999999300441044792e-01
0.000000000000000000e+00 0.000000000000000000e+00 0.000000000000000000e+00 3.931127094369815040e+03 9.999999553288813070e-01
0.000000000000000000e+00 0.000000000000000000e+00 0.000000000000000000e+00 3.947042588679004439e+03 9.999999750321313385e-01
0.000000000000000000e+00 0.000000000000000000e+00 0.000000000000000000e+00 3.962958082988193837e+03 9.999999890328756802e-01
0.000000000000000000e+00 0.000000000000000000e+00 0.000000000000000000e+00 3.978873577297383690e+03 9.999999973224371619e-01
0.000000000000000000e+00 0.000000000000000000e+00 0.000000000000000000e+00 3.994789071606573089e+03 9.999999999995399236e-01
0.000000000000000000e+00 0.000000000000000000e+00 0.000000000000000000e+00 4.010704565915762487e+03 9.999999972637005907e-01
0.000000000000000000e+00 0.000000000000000000e+00 0.000000000000000000e+00 4.026620060224952340e+03 9.999999894071223139e-01
0.000000000000000000e+00 0.000000000000000000e+00 0.000000000000000000e+00 4.042535554534141738e+03 9.999999768053142724e-01
0.000000000000000000e+00 0.000000000000000000e+00 0.000000000000000000e+00 4.058451048843331137e+03 9.999999599066710099e-01
0.000000000000000000e+00 0.000000000000000000e+00 0.000000000000000000e+00 4.074366543152520535e+03 9.999999392212466365e-01
0.000000000000000000e+00 0.000000000000000000e+00 0.000000000000000000e+00 4.090282037461710388e+03 9.999999153089601522e-01
0.000000000000000000e+00 0.000000000000000000e+00 0.000000000000000000e+00 4.106197531770900241e+03 9.999998887674654835e-01
0.000000000000000000e+00 0.000000000000000000e+00 0.000000000000000000e+00 4.122113026080089185e+03 9.999998602199113851e-01
0.000000000000000000e+00 0.000000000000000000e+00 0.000000000000000000e+00 4.138028520389279038e+03 9.999998303028059254e-01
0.000000000000000000e+00 0.000000000000000000e+00 0.000000000000000000e+00 4.153944014698467981e+03 9.999997996541883927e-01
0.000000000000000000e+00 0.000000000000000000e+00 0.000000000000000000e+00 4.169859509007657834e+03 9.999997689022936953e-01
0.000000000000000000e+00 0.000000000000000000e+00 0.000000000000000000e+00 4.185775003316847688e+03 9.999997386548786782e-01
0.000000000000000000e+00 0.000000000000000000e+00 0.000000000000000000e+00 4.201690497626036631e+03 9.999997094893577909e-01
0.000000000000000000e+00 0.000000000000000000e+00 0.000000000000000000e+00 4.217605991935226484e+03 9.999996819438783380e-01
0.000000000000000000e+00 0.000000000000000000e+00 0.000000000000000000e+00 4.233521486244416337e+03 9.999996565094395606e-01
0.000000000000000000e+00 0.000000000000000000e+00 0.000000000000000000e+00 4.249436980553605281e+03 9.999996336231402605e-01
0.000000000000000000e+00 0.000000000000000000e+00 0.000000000000000000e+00 4.265352474862795134e+03 9.999996136626185805e-01
0.000000000000000000e+00 0.000000000000000000e+00 0.000000000000000000e+00 4.281267969171984987e+03 9.999995969417198038e-01
0.000000000000000000e+00 0.000000000000000000e+00 0.000000000000000000e+00 4.297183463481173931e+03 9.999995837074142635e-01
0.000000000000000000e+00 0.000000000000000000e+00 0.000000000000000000e+00 4.313098957790363784e+03 9.999995741379588132e-01
0.000000000000000000e+00 0.000000000000000000e+00 0.000000000000000000e+00 4.329014452099553637e+03 9.999995683422804316e-01
0.000000000000000000e+00 0.000000000000000000e+00 0.000000000000000000e+00 4.344929946408742580e+03 9.999995663605416585e-01
0.000000000000000000e+00 0.000000000000000000e+00 0.000000000000000000e+00 4.360845440717932433e+03 9.999995681658261359e-01
0.000000000000000000e+00 0.000000000000000000e+00 0.000000000000000000e+00 4.376760935027122287e+03 9.999995736668756408e-01
0.000000000000000000e+00 0.000000000000000000e+00 0.000000000000000000e+00 4.392676429336311230e+03 9.999995827117860170e-01
0.000000000000000000e+00 0.000000000000000000e+00 0.000000000000000000e+00 4.408591923645501083e+03 9.999995950925683053e-01
0.000000000000000000e+00 0.000000000000000000e+00 0.000000000000000000e+00 4.424507417954690936e+03 9.999996105504639354e-01
0.000000000000000000e+00 0.000000000000000000e+00 0.000000000000000000e+00 4.440422912263879880e+03 9.999996287819006291e-01
0.000000000000000000e+00 0.000000000000000000e+00 0.000000000000000000e+00 4.456338406573069733e+03 9.999996494449683304e-01
0.000000000000000000e+00 0.000000000000000000e+00 0.000000000000000000e+00 4.472253900882258677e+03 9.999996721662895993e-01
0.000000000000000000e+00 0.000000000000000000e+00 0.000000000000000000e+00 4.488169395191448530e+03 9.999996965481643407e-01
0.000000000000000000e+00 0.000000000000000000e+00 0.000000000000000000e+00 4.504084889500638383e+03 9.999997221758590848e-01
0.000000000000000000e+00 0.000000000000000000e+00 0.000000000000000000e+00 4.520000383809827326e+03 9.999997486249241341e-01
0.000000000000000000e+00 0.000000000000000000e+00 0.000000000000000000e+00 4.535915878119017179e+03 9.999997754684206708e-01
0.000000000000000000e+00 0.000000000000000000e+00 0.000000000000000000e+00 4.551831372428207032e+03 9.999998022839446943e-01
0.000000000000000000e+00 0.000000000000000000e+00 0.000000000000000000e+00 4.567746866737395976e+03 9.999998286603484221e-01
0.000000000000000000e+00 0.000000000000000000e+00 0.000000000000000000e+00 4.583662361046585829e+03 9.999998542040604566e-01
0.000000000000000000e+00 0.000000000000000000e+00 0.000000000000000000e+00 4.599577855355775682e+03 9.999998785449220051e-01
0.000000000000000000e+00 0.000000000000000000e+00 0.000000000000000000e+00 4.615493349664964626e+03 9.999999013414645477e-01
0.000000000000000000e+00 0.000000000000000000e+00 0.000000000000000000e+00 4.631408843974154479e+03 9.999999222855648906e-01
0.000000000000000000e+00 0.000000000000000000e+00 0.000000000000000000e+00 4.647324338283344332e+03 9.999999411064274257e-01
0.000000000000000000e+00 0.000000000000000000e+00 0.000000000000000000e+00 4.663239832592533276e+03 9.999999575738545143e-01
0.000000000000000000e+00 0.000000000000000000e+00 0.000000000000000000e+00 4.679155326901723129e+03 9.999999715007765744e-01
0.000000000000000000e+00 0.000000000000000000e+00 0.000000000000000000e+00 4.695070821210912982e+03 9.999999827450305467e-01
0.000000000000000000e+00 0.000000000000000000e+00 0.000000000000000000e+00 4.710986315520101925e+03 9.999999912103796351e-01
0.000000000000000000e+00 0.000000000000000000e+00 0.000000000000000000e+00 4.726901809829291778e+03 9.999999968467878642e-01
0.000000000000000000e+00 0.000000000000000000e+00 0.000000000000000000e+00 4.742817304138481632e+03 9.999999996499655541e-01
0.000000000000000000e+00 0.000000000000000000e+00 0.000000000000000000e+00 4.758732798447670575e+03 9.999999996602185748e-01
0.000000000000000000e+00 0.000000000000000000e+00 0.000000000000000000e+00 4.774648292756860428e+03 9.999999969606392369e-01
0.000000000000000000e+00 0.000000000000000000e+00 0.000000000000000000e+00 4.790563787066049372e+03 9.999999916746875606e-01
0.000000000000000000e+00 0.000000000000000000e+00 0.000000000000000000e+00 4.806479281375239225e+03 9.999999839632203180e-01
0.000000000000000000e+00 0.000000000000000000e+00 0.000000000000000000e+00 4.822394775684429078e+03 9.999999740210261390e-01
0.000000000000000000e+00 0.000000000000000000e+00 0.000000000000000000e+00 4.838310269993618022e+03 9.999999620729392857e-01
0.000000000000000000e+00 0.000000000000000000e+00 0.000000000000000000e+00 4.854225764302807875e+03 9.999999483695997116e-01
0.000000000000000000e+00 0.000000000000000000e+00 0.000000000000000000e+00 4.870141258611997728e+03 9.999999331829354521e-01
0.000000000000000000e+00 0.000000000000000000e+00 0.000000000000000000e+00 4.886056752921186671e+03 9.999999168014446216e-01
0.000000000000000000e+00 0.000000000000000000e+00 0.000000000000000000e+00 4.901972247230376524e+03 9.999998995253520651e-01
0.000000000000000000e+00 0.000000000000000000e+00 0.000000000000000000e+00 4.917887741539566377e+03 9.999998816617196029e-01
0.000000000000000000e+00 0.000000000000000000e+00 0.000000000000000000e+00 4.933803235848755321e+03 9.999998635195812557e-01
0.000000000000000000e+00 0.000000000000000000e+00 0.000000000000000000e+00 4.949718730157945174e+03 9.999998454051790553e-01
0.000000000000000000e+00 0.000000000000000000e+00 0.000000000000000000e+00 4.965634224467135027e+03 9.999998276173659439e-01
0.000000000000000000e+00 0.000000000000000000e+00 0.000000000000000000e+00 4.981549718776323971e+03 9.999998104432386015e-01
0.000000000000000000e+00 0.000000000000000000e+00 0.000000000000000000e+00 4.997465213085513824e+03 9.999997941540621493e-01
0.000000000000000000e+00 0.000000000000000000e+00 0.000000000000000000e+00 5.013380707394703677e+03 9.999997790015350274e-01
0.000000000000000000e+00 0.000000000000000000e+00 0.000000000000000000e+00 5.029296201703892621e+03 9.999997652144447802e-01
0.000000000000000000e+00 0.000000000000000000e+00 0.000000000000000000e+00 5.045211696013082474e+03 9.999997529957487252e-01
0.000000000000000000e+00 0.000000000000000000e+00 0.000000000000000000e+00 5.061127190322272327e+03 9.999997425201156975e-01
0.000000000000000000e+00 0.000000000000000000e+00 0.000000000000000000e+00 5.077042684631461270e+03 9.999997339319496303e-01
0.000000000000000000e+00 0.000000000000000000e+00 0.000000000000000000e+00 5.092958178940651123e+03 9.999997273439129586e-01
0.000000000000000000e+00 0.000000000000000000e+00 0.000000000000000000e+00 5.108873673249840067e+03 9.999997228359580603e-01
0.000000000000000000e+00 0.000000000000000000e+00 0.000000000000000000e+00 5.124789167559029920e+03 9.999997204548669583e-01
0.000000000000000000e+00 0.000000000000000000e+00 0.000000000000000000e+00 5.140704661868219773e+03 9.999997202142942854e-01
0.000000000000000000e+00 0.000000000000000000e+00 0.000000000000000000e+00 5.156620156177408717e+03 9.999997220952988597e-01
0.000000000000000000e+00 0.000000000000000000e+00 0.000000000000000000e+00 5.172535650486598570e+03 9.999997260473427740e-01
0.000000000000000000e+00 0.000000000000000000e+00 0.000000000000000000e+00 5.188451144795788423e+03 9.999997319897346859e-01
0.000000000000000000e+00 0.000000000000000000e+00 0.000000000000000000e+00 5.204366639104977367e+03 9.999997398134804483e-01
0.000000000000000000e+00 0.000000000000000000e+00 0.000000000000000000e+00 5.220282133414167220e+03 9.999997493835093287e-01
0.000000000000000000e+00 0.000000000000000000e+00 0.000000000000000000e+00 5.236197627723357073e+03 9.999997605412288548e-01
0.000000000000000000e+00 0.000000000000000000e+00 0.000000000000000000e+00 5.252113122032546016e+03 9.999997731073669849e-01
0.000000000000000000e+00 0.000000000000000000e+00 0.000000000000000000e+00 5.268028616341735869e+03 9.999997868850515337e-01
0.000000000000000000e+00 0.000000000000000000e+00 0.000000000000000000e+00 5.283944110650925722e+03 9.999998016630771147e-01
0.000000000000000000e+00 0.000000000000000000e+00 0.000000000000000000e+00 5.299859604960114666e+03 9.999998172193074186e-01
0.000000000000000000e+00 0.000000000000000000e+00 0.000000000000000000e+00 5.315775099269304519e+03 9.999998333241610915e-01
0.000000000000000000e+00 0.000000000000000000e+00 0.000000000000000000e+00 5.331690593578494372e+03 9.999998497441280332e-01
0.000000000000000000e+00 0.000000000000000000e+00 0.000000000000000000e+00 5.347606087887683316e+03 9.999998662452669329e-01
0.000000000000000000e+00 0.000000000000000000e+00 0.000000000000000000e+00 5.363521582196873169e+03 9.999998825966297522e-01
0.000000000000000000e+00 0.000000000000000000e+00 0.000000000000000000e+00 5.379437076506062112e+03 9.999998985735718549e-01
0.000000000000000000e+00 0.000000000000000000e+00 0.000000000000000000e+00 5.395352570815251966e+03 9.999999139608972687e-01
0.000000000000000000e+00 0.000000000000000000e+00 0.000000000000000000e+00 5.411268065124441819e+03 9.999999285558012208e-01
0.000000000000000000e+00 0.000000000000000000e+00 0.000000000000000000e+00 5.427183559433630762e+03 9.999999421705713099e-01
0.000000000000000000e+00 0.000000000000000000e+00 0.000000000000000000e+00 5.443099053742820615e+03 9.999999546350140101e-01
0.000000000000000000e+00 0.000000000000000000e+00 0.000000000000000000e+00 5.459014548052010468e+03 9.999999657985785273e-01
0.000000000000000000e+00 0.000000000000000000e+00 0.000000000000000000e+00 5.474930042361199412e+03 9.999999755321549166e-01
0.000000000000000000e+00 0.000000000000000000e+00 0.000000000000000000e+00 5.490845536670389265e+03 9.999999837295261429e-01
0.000000000000000000e+00 0.000000000000000000e+00 0.000000000000000000e+00 5.506761030979579118e+03 9.999999903084633157e-01
0.000000000000000000e+00 0.000000000000000000e+00 0.000000000000000000e+00 5.522676525288768062e+03 9.999999952114556612e-01
0.000000000000000000e+00 0.000000000000000000e+00 0.000000000000000000e+00 5.538592019597957915e+03 9.999999984060714553e-01
0.000000000000000000e+00 0.000000000000000000e+00 0.000000000000000000e+00 5.554507513907147768e+03 9.999999998849548044e-01
0.000000000000000000e+00 0.000000000000000000e+00 0.000000000000000000e+00 5.570423008216336711e+03 9.999999996654649337e-01
0.000000000000000000e+00 0.000000000000000000e+00 0.000000000000000000e+00 5.586338502525526565e+03 9.999999977889704184e-01
0.000000000000000000e+00 0.000000000000000000e+00 0.000000000000000000e+00 5.602253996834716418e+03 9.999999943198172314e-01
0.000000000000000000e+00 0.000000000000000000e+00 0.000000000000000000e+00 5.618169491143905361e+03 9.999999893439891485e-01
0.000000000000000000e+00 0.000000000000000000e+00 0.000000000000000000e+00 5.634084985453095214e+03 9.999999829674894869e-01
0.000000000000000000e+00 0.000000000000000000e+00 0.000000000000000000e+00 5.650000479762285067e+03 9.999999753144692693e-01
0.000000000000000000e+00 0.000000000000000000e+00 0.000000000000000000e+00 5.665915974071474011e+03 9.999999665251356751e-01
0.000000000000000000e+00 0.000000000000000000e+00 0.000000000000000000e+00 5.681831468380663864e+03 9.999999567534731959e-01
0.000000000000000000e+00 0.000000000000000000e+00 0.000000000000000000e+00 5.697746962689852808e+03 9.999999461648146903e-01
0.000000000000000000e+00 0.000000000000000000e+00 0.000000000000000000e+00 5.713662456999042661e+03 9.999999349332975296e-01
0.000000000000000000e+00 0.000000000000000000e+00 0.000000000000000000e+00 5.729577951308232514e+03 9.999999232392444704e-01
0.000000000000000000e+00 0.000000000000000000e+00 0.000000000000000000e+00 5.745493445617421457e+03 9.999999112665071133e-01
0.000000000000000000e+00 0.000000000000000000e+00 0.000000000000000000e+00 5.761408939926611311e+03 9.999998991998078068e-01
0.000000000000000000e+00 0.000000000000000000e+00 0.000000000000000000e+00 5.777324434235801164e+03 9.999998872221200763e-01
0.000000000000000000e+00 0.000000000000000000e+00 0.000000000000000000e+00 5.793239928544990107e+03 9.999998755121217719e-01
0.000000000000000000e+00 0.000000000000000000e+00 0.000000000000000000e+00 5.809155422854179960e+03 9.999998642417536887e-01
0.000000000000000000e+00 0.000000000000000000e+00 0.000000000000000000e+00 5.825070917163369813e+03 9.999998535739191841e-01
0.000000000000000000e+00 0.000000000000000000e+00 0.000000000000000000e+00 5.840986411472558757e+03 9.999998436603498853e-01
0.000000000000000000e+00 0.000000000000000000e+00 0.000000000000000000e+00 5.856901905781748610e+03 9.999998346396667959e-01
0.000000000000000000e+00 0.000000000000000000e+00 0.000000000000000000e+00 5.872817400090938463e+03 9.999998266356585619e-01
0.000000000000000000e+00 0.000000000000000000e+00 0.000000000000000000e+00 5.888732894400127407e+03 9.999998197557977697e-01
0.000000000000000000e+00 0.000000000000000000e+00 0.000000000000000000e+00 5.904648388709317260e+03 9.999998140900102639e-01
0.000000000000000000e+00 0.000000000000000000e+00 0.000000000000000000e+00 5.920563883018507113e+03 9.999998097097095862e-01
0.000000000000000000e+00 0.000000000000000000e+00 0.000000000000000000e+00 5.936479377327696056e+03 9.999998066671063057e-01
0.000000000000000000e+00 0.000000000000000000e+00 0.000000000000000000e+00 5.952394871636885910e+03 9.999998049947957934e-01
0.000000000000000000e+00 0.000000000000000000e+00 0.000000000000000000e+00 5.968310365946075763e+03 9.999998047056248840e-01
0.000000000000000000e+00 0.000000000000000000e+00 0.000000000000000000e+00 5.984225860255264706e+03 9.999998057928340955e-01
