# Tone frequency (Hz)	Measured Fidelity	Simulated Fidelity	Frequency (Hz)	Analytic Fidelity
0.000000000000000000e+00 9.893293399999999460e-01 1.000000000000000000e+00 1.591549430918953456e-01 9.999999916190911442e-01
1.000000000000000000e+02 9.913572099999999887e-01 9.967620871200205679e-01 1.591549430918953334e+01 9.999162418623461779e-01
2.000000000000000000e+02 9.839355899999999711e-01 9.878897465226440522e-01 3.183098861837906668e+01 9.996655781006636987e-01
3.000000000000000000e+02 9.754410399999999814e-01 9.756521934292132769e-01 4.774648292756860002e+01 9.992498345739596610e-01
4.000000000000000000e+02 9.526210999999999984e-01 9.630901204210612354e-01 6.366197723675813336e+01 9.986720341676580404e-01
5.000000000000000000e+02 9.495457400000000270e-01 9.532155849034978923e-01 7.957747154594767380e+01 9.979363668325860193e-01
6.000000000000000000e+02 9.481851500000000321e-01 9.483171482430312604e-01 9.549296585513720004e+01 9.970481483464054273e-01
7.000000000000000000e+02 9.474909299999999535e-01 9.495056472033847061e-01 1.114084601643267405e+02 9.960137684816499082e-01
8.000000000000000000e+02 9.451551999999999731e-01 9.565168841163996793e-01 1.273239544735162667e+02 9.948406294285268014e-01
9.000000000000000000e+02 9.636997000000000480e-01 9.677581704148332520e-01 1.432394487827058072e+02 9.935370754626067225e-01
1.000000000000000000e+03 9.647073699999999530e-01 9.805997876830426785e-01 1.591549430918953476e+02 9.921123149642505634e-01
1.100000000000000000e+03 9.816761000000000514e-01 9.919126835705004419e-01 1.750704374010848881e+02 9.905763359857393535e-01
1.200000000000000000e+03 9.762687700000000079e-01 9.988150501646908541e-01 1.909859317102744001e+02 9.889398166221771147e-01
1.300000000000000000e+03 9.849394000000000204e-01 9.994345244424678310e-01 2.069014260194639405e+02 9.872140314728614641e-01
1.400000000000000000e+03 9.821684999999999999e-01 9.934417890618982838e-01 2.228169203286534810e+02 9.854107554814114378e-01
1.500000000000000000e+03 9.780178699999999559e-01 9.821395062639792783e-01 2.387324146378430214e+02 9.835421664168435552e-01
1.600000000000000000e+03 9.643491499999999883e-01 9.680805350337635673e-01 2.546479089470325334e+02 9.816207472060922701e-01
1.700000000000000000e+03 9.517573700000000470e-01 9.543711546527726686e-01 2.705634032562221023e+02 9.796591892539358026e-01
1.800000000000000000e+03 9.547523300000000379e-01 9.439248574580071383e-01 2.864788975654116143e+02 9.776702977922033799e-01
1.900000000000000000e+03 9.503917100000000007e-01 9.388734601412359604e-01 3.023943918746011263e+02 9.756669001901581151e-01
2.000000000000000000e+03 9.495030599999999543e-01 9.402114173314606305e-01 3.183098861837906952e+02 9.736617580359612223e-01
2.100000000000000000e+03 9.415676600000000285e-01 9.476663403925199569e-01 3.342253804929802072e+02 9.716674836691000516e-01
2.200000000000000000e+03 9.562460200000000299e-01 9.597478693264296368e-01 3.501408748021697761e+02 9.696964617095109595e-01
2.300000000000000000e+03 9.793803100000000317e-01 9.739819934230551368e-01 3.660563691113592881e+02 9.677607759945905386e-01
2.400000000000000000e+03 9.726251399999999991e-01 9.873299573049265643e-01 3.819718634205488001e+02 9.658721422038170079e-01
2.500000000000000000e+03 9.890000799999999481e-01 9.967768954922101576e-01 3.978873577297383690e+02 9.640418463253868087e-01
2.600000000000000000e+03 9.799701600000000346e-01 9.999893959631720453e-01 4.138028520389278810e+02 9.622806890027850724e-01
2.700000000000000000e+03 9.855696000000000456e-01 9.958441012659491332e-01 4.297183463481174499e+02 9.605989356937445489e-01
2.800000000000000000e+03 9.860551400000000521e-01 9.846612970271906295e-01 4.456338406573069619e+02 9.590062724813523953e-01
2.900000000000000000e+03 9.690639399999999570e-01 9.680607886880328028e-01 4.615493349664964740e+02 9.575117672983592954e-01
3.000000000000000000e+03 9.455392999999999715e-01 9.485110581290430165e-01 4.774648292756860428e+02 9.561238362618462716e-01
3.100000000000000000e+03 9.275878100000000126e-01 9.287513408417391592e-01 4.933803235848755548e+02 9.548502147666471096e-01
3.200000000000000000e+03 9.209693100000000410e-01 9.112691265163979093e-01 5.092958178940650669e+02 9.536979329522856652e-01
3.300000000000000000e+03 9.124667600000000434e-01 8.979516555326274574e-01 5.252113122032545789e+02 9.526732951392933302e-01
3.400000000000000000e+03 8.915912499999999463e-01 8.899363801991869716e-01 5.411268065124442046e+02 9.517818628259490099e-01
3.500000000000000000e+03 8.962948299999999868e-01 8.876030206438475512e-01 5.570423008216337166e+02 9.510284408448115290e-01
3.600000000000000000e+03 9.013189099999999732e-01 8.906748748278123795e-01 5.729577951308232286e+02 9.504170662988078444e-01
3.700000000000000000e+03 8.975955799999999485e-01 8.983545620858599534e-01 5.888732894400127407e+02 9.499509999277971906e-01
3.800000000000000000e+03 8.959395300000000395e-01 9.094896846659373812e-01 6.047887837492022527e+02 9.496327195971232538e-01
3.900000000000000000e+03 9.327502300000000135e-01 9.227521741682684908e-01 6.207042780583918784e+02 9.494639156481942122e-01
4.000000000000000000e+03 9.398831100000000216e-01 9.368096846424920354e-01 6.366197723675813904e+02 9.494454879061278163e-01
4.100000000000000000e+03 9.574791200000000169e-01 9.504850486981872848e-01 6.525352666767709024e+02 9.495775441993818955e-01
4.200000000000000000e+03 9.478030800000000200e-01 9.628741445365024409e-01 6.684507609859604145e+02 9.498594003095414129e-01
4.300000000000000000e+03 9.490860700000000039e-01 9.734051839417251495e-01 6.843662552951499265e+02 9.502895813344500731e-01
4.400000000000000000e+03 9.704502799999999985e-01 9.818365528604873216e-01 7.002817496043395522e+02 9.508658245131220710e-01
4.500000000000000000e+03 9.794581500000000274e-01 9.882055829771733135e-01 7.161972439135290642e+02 9.515850836247599087e-01
4.600000000000000000e+03 9.806550699999999621e-01 9.927454650536905456e-01 7.321127382227185763e+02 9.524435351352118495e-01
4.700000000000000000e+03 9.828499600000000225e-01 9.957939200321493933e-01 7.480282325319080883e+02 9.534365863207802105e-01
4.800000000000000000e+03 9.854702899999999710e-01 9.977172268428977642e-01 7.639437268410976003e+02 9.545588856499352959e-01
4.900000000000000000e+03 9.845507700000000195e-01 9.988510073211498419e-01 7.798592211502872260e+02 9.558043357467365109e-01
5.000000000000000000e+03 9.817784400000000300e-01 9.994709712308813554e-01 7.957747154594767380e+02 9.571661092941841087e-01
5.100000000000000000e+03 9.859813499999999786e-01 9.997814888029253888e-01 8.116902097686662501e+02 9.586366682600004907e-01
5.200000000000000000e+03 9.912012799999999624e-01 9.999216527622385442e-01 8.276057040778557621e+02 9.602077868402207894e-01
5.300000000000000000e+03 9.880375900000000211e-01 9.999769543934389215e-01 8.435211983870452741e+02 9.618705785163725874e-01
5.400000000000000000e+03 9.897371499999999545e-01 9.999950694195559597e-01 8.594366926962348998e+02 9.636155276090312416e-01
5.500000000000000000e+03 9.859286000000000438e-01 9.999994646915715268e-01 8.753521870054244118e+02 9.654325256834446201e-01
5.600000000000000000e+03 9.790534400000000526e-01 9.999999999885972324e-01 8.912676813146139239e+02 9.673109131213100120e-01
5.700000000000000000e+03 9.850929999999999964e-01 9.999999379447362946e-01 9.071831756238034359e+02 9.692395261165309694e-01
5.800000000000000000e+03 9.899365900000000051e-01 9.999999462838153885e-01 9.230986699329929479e+02 9.712067492821334636e-01
5.900000000000000000e+03 9.877898699999999588e-01 9.999999899322531416e-01 9.390141642421825736e+02 9.732005739710902770e-01
6.000000000000000000e+03 9.843099100000000101e-01 9.999999981386175074e-01 9.549296585513720856e+02 9.752086623166672519e-01
6.100000000000000000e+03 9.852010599999999618e-01 9.999999787069968615e-01 9.708451528605615977e+02 9.772184168895572398e-01
6.200000000000000000e+03 9.837511799999999473e-01 9.999999658722632523e-01 9.867606471697511097e+02 9.792170557514514595e-01
6.300000000000000000e+03 9.839075200000000354e-01 9.999999724950964231e-01 1.002676141478940622e+03 9.811916925602184314e-01
6.400000000000000000e+03 9.879223099999999702e-01 9.999999893006965568e-01 1.018591635788130134e+03 9.831294212533081556e-01
6.500000000000000000e+03 9.896012499999999878e-01 9.999999994461209463e-01 1.034507130097319759e+03 9.850174047065300975e-01
6.600000000000000000e+03 9.894459799999999472e-01 9.999999967658874667e-01 1.050422624406509158e+03 9.868429666384335164e-01
6.700000000000000000e+03 9.850869199999999770e-01 9.999999867823857747e-01 1.066338118715698783e+03 9.885936859097836926e-01
6.800000000000000000e+03 9.852279400000000242e-01 9.999999798077165991e-01 1.082253613024888409e+03 9.902574922568285753e-01
6.900000000000000000e+03 9.787983900000000181e-01 9.999999807252140105e-01 1.098169107334077808e+03 9.918227623999053000e-01
0.000000000000000000e+00 0.000000000000000000e+00 0.000000000000000000e+00 1.114084601643267433e+03 9.932784153889950840e-01
0.000000000000000000e+00 0.000000000000000000e+00 0.000000000000000000e+00 1.130000095952456832e+03 9.946140059883536999e-01
0.000000000000000000e+00 0.000000000000000000e+00 0.000000000000000000e+00 1.145915590261646457e+03 9.958198148661454585e-01
0.000000000000000000e+00 0.000000000000000000e+00 0.000000000000000000e+00 1.161831084570836083e+03 9.968869343443331754e-01
0.000000000000000000e+00 0.000000000000000000e+00 0.000000000000000000e+00 1.177746578880025481e+03 9.978073484805157767e-01
0.000000000000000000e+00 0.000000000000000000e+00 0.000000000000000000e+00 1.193662073189215107e+03 9.985740062977305209e-01
0.000000000000000000e+00 0.000000000000000000e+00 0.000000000000000000e+00 1.209577567498404505e+03 9.991808870504241824e-01
0.000000000000000000e+00 0.000000000000000000e+00 0.000000000000000000e+00 1.225493061807594131e+03 9.996230565139062607e-01
0.000000000000000000e+00 0.000000000000000000e+00 0.000000000000000000e+00 1.241408556116783757e+03 9.998967134088354580e-01
0.000000000000000000e+00 0.000000000000000000e+00 0.000000000000000000e+00 1.257324050425973155e+03 9.999992252189926489e-01
0.000000000000000000e+00 0.000000000000000000e+00 0.000000000000000000e+00 1.273239544735162781e+03 9.999291528263670736e-01
0.000000000000000000e+00 0.000000000000000000e+00 0.000000000000000000e+00 1.289155039044352179e+03 9.996862635683081422e-01
0.000000000000000000e+00 0.000000000000000000e+00 0.000000000000000000e+00 1.305070533353541805e+03 9.992715325125958170e-01
0.000000000000000000e+00 0.000000000000000000e+00 0.000000000000000000e+00 1.320986027662731431e+03 9.986871319427512717e-01
0.000000000000000000e+00 0.000000000000000000e+00 0.000000000000000000e+00 1.336901521971920829e+03 9.979364092425918598e-01
0.000000000000000000e+00 0.000000000000000000e+00 0.000000000000000000e+00 1.352817016281110455e+03 9.970238535607487407e-01
0.000000000000000000e+00 0.000000000000000000e+00 0.000000000000000000e+00 1.368732510590299853e+03 9.959550518176354394e-01
0.000000000000000000e+00 0.000000000000000000e+00 0.000000000000000000e+00 1.384648004899489479e+03 9.947366347845305601e-01
0.000000000000000000e+00 0.000000000000000000e+00 0.000000000000000000e+00 1.400563499208679104e+03 9.933762141129363066e-01
0.000000000000000000e+00 0.000000000000000000e+00 0.000000000000000000e+00 1.416478993517868503e+03 9.918823113187243967e-01
0.000000000000000000e+00 0.000000000000000000e+00 0.000000000000000000e+00 1.432394487827058128e+03 9.902642798271091840e-01
0.000000000000000000e+00 0.000000000000000000e+00 0.000000000000000000e+00 1.448309982136247527e+03 9.885322212593368185e-01
0.000000000000000000e+00 0.000000000000000000e+00 0.000000000000000000e+00 1.464225476445437153e+03 9.866968971891706408e-01
0.000000000000000000e+00 0.000000000000000000e+00 0.000000000000000000e+00 1.480140970754626778e+03 9.847696376166783505e-01
0.000000000000000000e+00 0.000000000000000000e+00 0.000000000000000000e+00 1.496056465063816177e+03 9.827622473992034813e-01
0.000000000000000000e+00 0.000000000000000000e+00 0.000000000000000000e+00 1.511971959373005802e+03 9.806869118462424595e-01
0.000000000000000000e+00 0.000000000000000000e+00 0.000000000000000000e+00 1.527887453682195201e+03 9.785561026283948749e-01
0.000000000000000000e+00 0.000000000000000000e+00 0.000000000000000000e+00 1.543802947991384826e+03 9.763824850733602290e-01
0.000000000000000000e+00 0.000000000000000000e+00 0.000000000000000000e+00 1.559718442300574452e+03 9.741788278272736079e-01
0.000000000000000000e+00 0.000000000000000000e+00 0.000000000000000000e+00 1.575633936609763850e+03 9.719579157509651290e-01
0.000000000000000000e+00 0.000000000000000000e+00 0.000000000000000000e+00 1.591549430918953476e+03 9.697324668016292781e-01
0.000000000000000000e+00 0.000000000000000000e+00 0.000000000000000000e+00 1.607464925228142874e+03 9.675150535245544692e-01
0.000000000000000000e+00 0.000000000000000000e+00 0.000000000000000000e+00 1.623380419537332500e+03 9.653180296505514679e-01
0.000000000000000000e+00 0.000000000000000000e+00 0.000000000000000000e+00 1.639295913846522126e+03 9.631534621659243456e-01
0.000000000000000000e+00 0.000000000000000000e+00 0.000000000000000000e+00 1.655211408155711524e+03 9.610330690963206912e-01
0.000000000000000000e+00 0.000000000000000000e+00 0.000000000000000000e+00 1.671126902464901150e+03 9.589681631263404782e-01
0.000000000000000000e+00 0.000000000000000000e+00 0.000000000000000000e+00 1.687042396774090548e+03 9.569696010657015028e-01
0.000000000000000000e+00 0.000000000000000000e+00 0.000000000000000000e+00 1.702957891083280174e+03 9.550477390719754878e-01
0.000000000000000000e+00 0.000000000000000000e+00 0.000000000000000000e+00 1.718873385392469800e+03 9.532123934508867080e-01
0.000000000000000000e+00 0.000000000000000000e+00 0.000000000000000000e+00 1.734788879701659198e+03 9.514728067789648414e-01
0.000000000000000000e+00 0.000000000000000000e+00 0.000000000000000000e+00 1.750704374010848824e+03 9.498376190305691802e-01
0.000000000000000000e+00 0.000000000000000000e+00 0.000000000000000000e+00 1.766619868320038222e+03 9.483148433422303736e-01
0.000000000000000000e+00 0.000000000000000000e+00 0.000000000000000000e+00 1.782535362629227848e+03 9.469118460117739167e-01
0.000000000000000000e+00 0.000000000000000000e+00 0.000000000000000000e+00 1.798450856938417473e+03 9.456353303074369610e-01
0.000000000000000000e+00 0.000000000000000000e+00 0.000000000000000000e+00 1.814366351247606872e+03 9.444913236525147582e-01
0.000000000000000000e+00 0.000000000000000000e+00 0.000000000000000000e+00 1.830281845556796497e+03 9.434851677531650438e-01
0.000000000000000000e+00 0.000000000000000000e+00 0.000000000000000000e+00 1.846197339865985896e+03 9.426215112498718129e-01
0.000000000000000000e+00 0.000000000000000000e+00 0.000000000000000000e+00 1.862112834175175522e+03 9.419043044956301181e-01
0.000000000000000000e+00 0.000000000000000000e+00 0.000000000000000000e+00 1.878028328484365147e+03 9.413367960950129731e-01
0.000000000000000000e+00 0.000000000000000000e+00 0.000000000000000000e+00 1.893943822793554546e+03 9.409215308767113761e-01
0.000000000000000000e+00 0.000000000000000000e+00 0.000000000000000000e+00 1.909859317102744171e+03 9.406603490166800530e-01
0.000000000000000000e+00 0.000000000000000000e+00 0.000000000000000000e+00 1.925774811411933570e+03 9.405543860784826293e-01
0.000000000000000000e+00 0.000000000000000000e+00 0.000000000000000000e+00 1.941690305721123195e+03 9.406040737905966287e-01
0.000000000000000000e+00 0.000000000000000000e+00 0.000000000000000000e+00 1.957605800030312594e+03 9.408091414361730020e-01
0.000000000000000000e+00 0.000000000000000000e+00 0.000000000000000000e+00 1.973521294339502219e+03 9.411686177878891835e-01
0.000000000000000000e+00 0.000000000000000000e+00 0.000000000000000000e+00 1.989436788648691845e+03 9.416808335780213479e-01
0.000000000000000000e+00 0.000000000000000000e+00 0.000000000000000000e+00 2.005352282957881243e+03 9.423434245505906137e-01
0.000000000000000000e+00 0.000000000000000000e+00 0.000000000000000000e+00 2.021267777267070869e+03 9.431533351973926393e-01
0.000000000000000000e+00 0.000000000000000000e+00 0.000000000000000000e+00 2.037183271576260267e+03 9.441068233318806735e-01
0.000000000000000000e+00 0.000000000000000000e+00 0.000000000000000000e+00 2.053098765885450121e+03 9.451994657032289915e-01
0.000000000000000000e+00 0.000000000000000000e+00 0.000000000000000000e+00 2.069014260194639519e+03 9.464261648965205387e-01
0.000000000000000000e+00 0.000000000000000000e+00 0.000000000000000000e+00 2.084929754503828917e+03 9.477811578028960682e-01
0.000000000000000000e+00 0.000000000000000000e+00 0.000000000000000000e+00 2.100845248813018316e+03 9.492580259747920302e-01
0.000000000000000000e+00 0.000000000000000000e+00 0.000000000000000000e+00 2.116760743122208169e+03 9.508497082051871052e-01
0.000000000000000000e+00 0.000000000000000000e+00 0.000000000000000000e+00 2.132676237431397567e+03 9.525485156852624424e-01
0.000000000000000000e+00 0.000000000000000000e+00 0.000000000000000000e+00 2.148591731740586965e+03 9.543461501013246195e-01
0.000000000000000000e+00 0.000000000000000000e+00 0.000000000000000000e+00 2.164507226049776818e+03 9.562337250285732893e-01
0.000000000000000000e+00 0.000000000000000000e+00 0.000000000000000000e+00 2.180422720358966217e+03 9.582017909658173682e-01
0.000000000000000000e+00 0.000000000000000000e+00 0.000000000000000000e+00 2.196338214668155615e+03 9.602403643311581138e-01
0.000000000000000000e+00 0.000000000000000000e+00 0.000000000000000000e+00 2.212253708977345468e+03 9.623389607037710070e-01
0.000000000000000000e+00 0.000000000000000000e+00 0.000000000000000000e+00 2.228169203286534866e+03 9.644866325512515548e-01
0.000000000000000000e+00 0.000000000000000000e+00 0.000000000000000000e+00 2.244084697595724265e+03 9.666720116257595530e-01
0.000000000000000000e+00 0.000000000000000000e+00 0.000000000000000000e+00 2.260000191904913663e+03 9.688833561459402333e-01
0.000000000000000000e+00 0.000000000000000000e+00 0.000000000000000000e+00 2.275915686214103516e+03 9.711086028060669229e-01
0.000000000000000000e+00 0.000000000000000000e+00 0.000000000000000000e+00 2.291831180523292915e+03 9.733354235701299206e-01
0.000000000000000000e+00 0.000000000000000000e+00 0.000000000000000000e+00 2.307746674832482313e+03 9.755512871180408441e-01
0.000000000000000000e+00 0.000000000000000000e+00 0.000000000000000000e+00 2.323662169141672166e+03 9.777435247153920539e-01
0.000000000000000000e+00 0.000000000000000000e+00 0.000000000000000000e+00 2.339577663450861564e+03 9.798994001792051822e-01
0.000000000000000000e+00 0.000000000000000000e+00 0.000000000000000000e+00 2.355493157760050963e+03 9.820061835119955340e-01
0.000000000000000000e+00 0.000000000000000000e+00 0.000000000000000000e+00 2.371408652069240816e+03 9.840512276775945644e-01
0.000000000000000000e+00 0.000000000000000000e+00 0.000000000000000000e+00 2.387324146378430214e+03 9.860220478970236346e-01
0.000000000000000000e+00 0.000000000000000000e+00 0.000000000000000000e+00 2.403239640687619612e+03 9.879064027538402293e-01
0.000000000000000000e+00 0.000000000000000000e+00 0.000000000000000000e+00 2.419155134996809011e+03 9.896923763183530509e-01
0.000000000000000000e+00 0.000000000000000000e+00 0.000000000000000000e+00 2.435070629305998864e+03 9.913684604314185744e-01
0.000000000000000000e+00 0.000000000000000000e+00 0.000000000000000000e+00 2.450986123615188262e+03 9.929236362334943333e-01
0.000000000000000000e+00 0.000000000000000000e+00 0.000000000000000000e+00 2.466901617924377661e+03 9.943474539853067729e-01
0.000000000000000000e+00 0.000000000000000000e+00 0.000000000000000000e+00 2.482817112233567514e+03 9.956301102046422047e-01
0.000000000000000000e+00 0.000000000000000000e+00 0.000000000000000000e+00 2.498732606542756912e+03 9.967625211407076247e-01
0.000000000000000000e+00 0.000000000000000000e+00 0.000000000000000000e+00 2.514648100851946310e+03 9.977363916241106523e-01
0.000000000000000000e+00 0.000000000000000000e+00 0.000000000000000000e+00 2.530563595161136163e+03 9.985442783671044653e-01
0.000000000000000000e+00 0.000000000000000000e+00 0.000000000000000000e+00 2.546479089470325562e+03 9.991796468451419333e-01
0.000000000000000000e+00 0.000000000000000000e+00 0.000000000000000000e+00 2.562394583779514960e+03 9.996369209661921662e-01
0.000000000000000000e+00 0.000000000000000000e+00 0.000000000000000000e+00 2.578310078088704358e+03 9.999115248273755530e-01
0.000000000000000000e+00 0.000000000000000000e+00 0.000000000000000000e+00 2.594225572397894211e+03 9.999999159673926830e-01
0.000000000000000000e+00 0.000000000000000000e+00 0.000000000000000000e+00 2.610141066707083610e+03 9.998996096456280736e-01
0.000000000000000000e+00 0.000000000000000000e+00 0.000000000000000000e+00 2.626056561016273008e+03 9.996091938119354703e-01
0.000000000000000000e+00 0.000000000000000000e+00 0.000000000000000000e+00 2.641972055325462861e+03 9.991283345718828812e-01
0.000000000000000000e+00 0.000000000000000000e+00 0.000000000000000000e+00 2.657887549634652260e+03 9.984577720973344395e-01
0.000000000000000000e+00 0.000000000000000000e+00 0.000000000000000000e+00 2.673803043943841658e+03 9.975993070782394057e-01
0.000000000000000000e+00 0.000000000000000000e+00 0.000000000000000000e+00 2.689718538253031056e+03 9.965557779549429895e-01
0.000000000000000000e+00 0.000000000000000000e+00 0.000000000000000000e+00 2.705634032562220909e+03 9.953310293078801996e-01
0.000000000000000000e+00 0.000000000000000000e+00 0.000000000000000000e+00 2.721549526871410308e+03 9.939298719100266855e-01
0.000000000000000000e+00 0.000000000000000000e+00 0.000000000000000000e+00 2.737465021180599706e+03 9.923580350641267867e-01
0.000000000000000000e+00 0.000000000000000000e+00 0.000000000000000000e+00 2.753380515489789559e+03 9.906221119490535854e-01
0.000000000000000000e+00 0.000000000000000000e+00 0.000000000000000000e+00 2.769296009798978957e+03 9.887294987856818373e-01
0.000000000000000000e+00 0.000000000000000000e+00 0.000000000000000000e+00 2.785211504108168356e+03 9.866883287009067249e-01
0.000000000000000000e+00 0.000000000000000000e+00 0.000000000000000000e+00 2.801126998417358209e+03 9.845074012179411138e-01
0.000000000000000000e+00 0.000000000000000000e+00 0.000000000000000000e+00 2.817042492726547607e+03 9.821961083313883734e-01
0.000000000000000000e+00 0.000000000000000000e+00 0.000000000000000000e+00 2.832957987035737005e+03 9.797643581369228638e-01
0.000000000000000000e+00 0.000000000000000000e+00 0.000000000000000000e+00 2.848873481344926404e+03 9.772224969783465109e-01
0.000000000000000000e+00 0.000000000000000000e+00 0.000000000000000000e+00 2.864788975654116257e+03 9.745812310503911835e-01
0.000000000000000000e+00 0.000000000000000000e+00 0.000000000000000000e+00 2.880704469963305655e+03 9.718515483554017731e-01
0.000000000000000000e+00 0.000000000000000000e+00 0.000000000000000000e+00 2.896619964272495054e+03 9.690446418577268739e-01
0.000000000000000000e+00 0.000000000000000000e+00 0.000000000000000000e+00 2.912535458581684907e+03 9.661718346133429947e-01
0.000000000000000000e+00 0.000000000000000000e+00 0.000000000000000000e+00 2.928450952890874305e+03 9.632445075761441045e-01
0.000000000000000000e+00 0.000000000000000000e+00 0.000000000000000000e+00 2.944366447200063703e+03 9.602740306987549435e-01
0.000000000000000000e+00 0.000000000000000000e+00 0.000000000000000000e+00 2.960281941509253556e+03 9.572716978570108282e-01
0.000000000000000000e+00 0.000000000000000000e+00 0.000000000000000000e+00 2.976197435818442955e+03 9.542486660356491734e-01
0.000000000000000000e+00 0.000000000000000000e+00 0.000000000000000000e+00 2.992112930127632353e+03 9.512158991204473502e-01
0.000000000000000000e+00 0.000000000000000000e+00 0.000000000000000000e+00 3.008028424436821751e+03 9.481841165510092040e-01
0.000000000000000000e+00 0.000000000000000000e+00 0.000000000000000000e+00 3.023943918746011605e+03 9.451637470004246033e-01
0.000000000000000000e+00 0.000000000000000000e+00 0.000000000000000000e+00 3.039859413055201003e+03 9.421648871646701728e-01
0.000000000000000000e+00 0.000000000000000000e+00 0.000000000000000000e+00 3.055774907364390401e+03 9.391972656671357944e-01
0.000000000000000000e+00 0.000000000000000000e+00 0.000000000000000000e+00 3.071690401673580254e+03 9.362702120131242145e-01
0.000000000000000000e+00 0.000000000000000000e+00 0.000000000000000000e+00 3.087605895982769653e+03 9.333926304662827356e-01
0.000000000000000000e+00 0.000000000000000000e+00 0.000000000000000000e+00 3.103521390291959051e+03 9.305729786642198409e-01
0.000000000000000000e+00 0.000000000000000000e+00 0.000000000000000000e+00 3.119436884601148904e+03 9.278192507442886150e-01
0.000000000000000000e+00 0.000000000000000000e+00 0.000000000000000000e+00 3.135352378910338302e+03 9.251389647127017390e-01
0.000000000000000000e+00 0.000000000000000000e+00 0.000000000000000000e+00 3.151267873219527701e+03 9.225391537606451031e-01
0.000000000000000000e+00 0.000000000000000000e+00 0.000000000000000000e+00 3.167183367528717099e+03 9.200263612095449517e-01
0.000000000000000000e+00 0.000000000000000000e+00 0.000000000000000000e+00 3.183098861837906952e+03 9.176066387536550018e-01
0.000000000000000000e+00 0.000000000000000000e+00 0.000000000000000000e+00 3.199014356147096350e+03 9.152855476611019281e-01
0.000000000000000000e+00 0.000000000000000000e+00 0.000000000000000000e+00 3.214929850456285749e+03 9.130681625938102952e-01
0.000000000000000000e+00 0.000000000000000000e+00 0.000000000000000000e+00 3.230845344765475602e+03 9.109590777116214344e-01
0.000000000000000000e+00 0.000000000000000000e+00 0.000000000000000000e+00 3.246760839074665000e+03 9.089624147356969441e-01
0.000000000000000000e+00 0.000000000000000000e+00 0.000000000000000000e+00 3.262676333383854399e+03 9.070818326602134718e-01
0.000000000000000000e+00 0.000000000000000000e+00 0.000000000000000000e+00 3.278591827693044252e+03 9.053205388186986724e-01
0.000000000000000000e+00 0.000000000000000000e+00 0.000000000000000000e+00 3.294507322002233650e+03 9.036813010314170835e-01
0.000000000000000000e+00 0.000000000000000000e+00 0.000000000000000000e+00 3.310422816311423048e+03 9.021664605823380700e-01
0.000000000000000000e+00 0.000000000000000000e+00 0.000000000000000000e+00 3.326338310620612447e+03 9.007779457977751481e-01
0.000000000000000000e+00 0.000000000000000000e+00 0.000000000000000000e+00 3.342253804929802300e+03 8.995172860232458767e-01
0.000000000000000000e+00 0.000000000000000000e+00 0.000000000000000000e+00 3.358169299238991698e+03 8.983856258199280909e-01
0.000000000000000000e+00 0.000000000000000000e+00 0.000000000000000000e+00 3.374084793548181096e+03 8.973837392268453339e-01
0.000000000000000000e+00 0.000000000000000000e+00 0.000000000000000000e+00 3.390000287857370949e+03 8.965120439592456636e-01
0.000000000000000000e+00 0.000000000000000000e+00 0.000000000000000000e+00 3.405915782166560348e+03 8.957706154371402052e-01
0.000000000000000000e+00 0.000000000000000000e+00 0.000000000000000000e+00 3.421831276475749746e+03 8.951592005604602775e-01
0.000000000000000000e+00 0.000000000000000000e+00 0.000000000000000000e+00 3.437746770784939599e+03 8.946772311684517698e-01
0.000000000000000000e+00 0.000000000000000000e+00 0.000000000000000000e+00 3.453662265094128998e+03 8.943238371406381226e-01
0.000000000000000000e+00 0.000000000000000000e+00 0.000000000000000000e+00 3.469577759403318396e+03 8.940978591147846766e-01
0.000000000000000000e+00 0.000000000000000000e+00 0.000000000000000000e+00 3.485493253712507794e+03 8.939978608136668337e-01
0.000000000000000000e+00 0.000000000000000000e+00 0.000000000000000000e+00 3.501408748021697647e+03 8.940221409870535707e-01
0.000000000000000000e+00 0.000000000000000000e+00 0.000000000000000000e+00 3.517324242330887046e+03 8.941687449880764138e-01
0.000000000000000000e+00 0.000000000000000000e+00 0.000000000000000000e+00 3.533239736640076444e+03 8.944354760140836857e-01
0.000000000000000000e+00 0.000000000000000000e+00 0.000000000000000000e+00 3.549155230949266297e+03 8.948199060511611291e-01
0.000000000000000000e+00 0.000000000000000000e+00 0.000000000000000000e+00 3.565070725258455695e+03 8.953193865687634201e-01
0.000000000000000000e+00 0.000000000000000000e+00 0.000000000000000000e+00 3.580986219567645094e+03 8.959310590163875876e-01
0.000000000000000000e+00 0.000000000000000000e+00 0.000000000000000000e+00 3.596901713876834947e+03 8.966518651779775695e-01
0.000000000000000000e+00 0.000000000000000000e+00 0.000000000000000000e+00 3.612817208186024345e+03 8.974785574418455703e-01
0.000000000000000000e+00 0.000000000000000000e+00 0.000000000000000000e+00 3.628732702495213744e+03 8.984077090444138047e-01
0.000000000000000000e+00 0.000000000000000000e+00 0.000000000000000000e+00 3.644648196804403142e+03 8.994357243450933348e-01
0.000000000000000000e+00 0.000000000000000000e+00 0.000000000000000000e+00 3.660563691113592995e+03 9.005588491872434931e-01
0.000000000000000000e+00 0.000000000000000000e+00 0.000000000000000000e+00 3.676479185422782393e+03 9.017731813964774412e-01
0.000000000000000000e+00 0.000000000000000000e+00 0.000000000000000000e+00 3.692394679731971792e+03 9.030746814627390595e-01
0.000000000000000000e+00 0.000000000000000000e+00 0.000000000000000000e+00 3.708310174041161645e+03 9.044591834466728653e-01
0.000000000000000000e+00 0.000000000000000000e+00 0.000000000000000000e+00 3.724225668350351043e+03 9.059224061439934417e-01
0.000000000000000000e+00 0.000000000000000000e+00 0.000000000000000000e+00 3.740141162659540441e+03 9.074599645339564979e-01
0.000000000000000000e+00 0.000000000000000000e+00 0.000000000000000000e+00 3.756056656968730294e+03 9.090673815298051519e-01
0.000000000000000000e+00 0.000000000000000000e+00 0.000000000000000000e+00 3.771972151277919693e+03 9.107401000403321234e-01
0.000000000000000000e+00 0.000000000000000000e+00 0.000000000000000000e+00 3.787887645587109091e+03 9.124734953426599793e-01
0.000000000000000000e+00 0.000000000000000000e+00 0.000000000000000000e+00 3.803803139896298489e+03 9.142628877571007395e-01
0.000000000000000000e+00 0.000000000000000000e+00 0.000000000000000000e+00 3.819718634205488343e+03 9.161035556057248730e-01
0.000000000000000000e+00 0.000000000000000000e+00 0.000000000000000000e+00 3.835634128514677741e+03 9.179907484271651041e-01
0.000000000000000000e+00 0.000000000000000000e+00 0.000000000000000000e+00 3.851549622823867139e+03 9.199197004113718323e-01
0.000000000000000000e+00 0.000000000000000000e+00 0.000000000000000000e+00 3.867465117133056992e+03 9.218856440096843130e-01
0.000000000000000000e+00 0.000000000000000000e+00 0.000000000000000000e+00 3.883380611442246391e+03 9.238838236678005300e-01
0.000000000000000000e+00 0.000000000000000000e+00 0.000000000000000000e+00 3.899296105751435789e+03 9.259095096221769960e-01
0.000000000000000000e+00 0.000000000000000000e+00 0.000000000000000000e+00 3.915211600060625187e+03 9.279580116941681389e-01
0.000000000000000000e+00 0.000000000000000000e+00 0.000000000000000000e+00 3.931127094369815040e+03 9.300246930109425936e-01
0.000000000000000000e+00 0.000000000000000000e+00 0.000000000000000000e+00 3.947042588679004439e+03 9.321049835779702253e-01
0.000000000000000000e+00 0.000000000000000000e+00 0.000000000000000000e+00 3.962958082988193837e+03 9.341943936247407709e-01
0.000000000000000000e+00 0.000000000000000000e+00 0.000000000000000000e+00 3.978873577297383690e+03 9.362885266433873532e-01
0.000000000000000000e+00 0.000000000000000000e+00 0.000000000000000000e+00 3.994789071606573089e+03 9.383830920391116326e-01
0.000000000000000000e+00 0.000000000000000000e+00 0.000000000000000000e+00 4.010704565915762487e+03 9.404739173117127038e-01
0.000000000000000000e+00 0.000000000000000000e+00 0.000000000000000000e+00 4.026620060224952340e+03 9.425569596891307800e-01
0.000000000000000000e+00 0.000000000000000000e+00 0.000000000000000000e+00 4.042535554534141738e+03 9.446283171366910425e-01
0.000000000000000000e+00 0.000000000000000000e+00 0.000000000000000000e+00 4.058451048843331137e+03 9.466842386696114886e-01
0.000000000000000000e+00 0.000000000000000000e+00 0.000000000000000000e+00 4.074366543152520535e+03 9.487211339012685540e-01
0.000000000000000000e+00 0.000000000000000000e+00 0.000000000000000000e+00 4.090282037461710388e+03 9.507355817656033548e-01
0.000000000000000000e+00 0.000000000000000000e+00 0.000000000000000000e+00 4.106197531770900241e+03 9.527243383587906678e-01
0.000000000000000000e+00 0.000000000000000000e+00 0.000000000000000000e+00 4.122113026080089185e+03 9.546843438527776726e-01
0.000000000000000000e+00 0.000000000000000000e+00 0.000000000000000000e+00 4.138028520389279038e+03 9.566127284414018828e-01
0.000000000000000000e+00 0.000000000000000000e+00 0.000000000000000000e+00 4.153944014698467981e+03 9.585068172883771664e-01
0.000000000000000000e+00 0.000000000000000000e+00 0.000000000000000000e+00 4.169859509007657834e+03 9.603641344553637271e-01
0.000000000000000000e+00 0.000000000000000000e+00 0.000000000000000000e+00 4.185775003316847688e+03 9.621824057974643907e-01
0.000000000000000000e+00 0.000000000000000000e+00 0.000000000000000000e+00 4.201690497626036631e+03 9.639595608226776413e-01
0.000000000000000000e+00 0.000000000000000000e+00 0.000000000000000000e+00 4.217605991935226484e+03 9.656937335209467843e-01
0.000000000000000000e+00 0.000000000000000000e+00 0.000000000000000000e+00 4.233521486244416337e+03 9.673832621773499341e-01
0.000000000000000000e+00 0.000000000000000000e+00 0.000000000000000000e+00 4.249436980553605281e+03 9.690266881925403419e-01
0.000000000000000000e+00 0.000000000000000000e+00 0.000000000000000000e+00 4.265352474862795134e+03 9.706227539416699690e-01
0.000000000000000000e+00 0.000000000000000000e+00 0.000000000000000000e+00 4.281267969171984987e+03 9.721703997106061479e-01
0.000000000000000000e+00 0.000000000000000000e+00 0.000000000000000000e+00 4.297183463481173931e+03 9.736687597551806350e-01
0.000000000000000000e+00 0.000000000000000000e+00 0.000000000000000000e+00 4.313098957790363784e+03 9.751171575354445897e-01
0.000000000000000000e+00 0.000000000000000000e+00 0.000000000000000000e+00 4.329014452099553637e+03 9.765151001823507704e-01
0.000000000000000000e+00 0.000000000000000000e+00 0.000000000000000000e+00 4.344929946408742580e+03 9.778622722589325189e-01
0.000000000000000000e+00 0.000000000000000000e+00 0.000000000000000000e+00 4.360845440717932433e+03 9.791585288818462907e-01
0.000000000000000000e+00 0.000000000000000000e+00 0.000000000000000000e+00 4.376760935027122287e+03 9.804038882720900183e-01
0.000000000000000000e+00 0.000000000000000000e+00 0.000000000000000000e+00 4.392676429336311230e+03 9.815985238058020368e-01
0.000000000000000000e+00 0.000000000000000000e+00 0.000000000000000000e+00 4.408591923645501083e+03 9.827427556372980710e-01
0.000000000000000000e+00 0.000000000000000000e+00 0.000000000000000000e+00 4.424507417954690936e+03 9.838370419669423272e-01
0.000000000000000000e+00 0.000000000000000000e+00 0.000000000000000000e+00 4.440422912263879880e+03 9.848819700261153276e-01
0.000000000000000000e+00 0.000000000000000000e+00 0.000000000000000000e+00 4.456338406573069733e+03 9.858782468504784235e-01
0.000000000000000000e+00 0.000000000000000000e+00 0.000000000000000000e+00 4.472253900882258677e+03 9.868266899110031964e-01
0.000000000000000000e+00 0.000000000000000000e+00 0.000000000000000000e+00 4.488169395191448530e+03 9.877282176698880534e-01
0.000000000000000000e+00 0.000000000000000000e+00 0.000000000000000000e+00 4.504084889500638383e+03 9.885838401256006325e-01
0.000000000000000000e+00 0.000000000000000000e+00 0.000000000000000000e+00 4.520000383809827326e+03 9.893946494079191023e-01
0.000000000000000000e+00 0.000000000000000000e+00 0.000000000000000000e+00 4.535915878119017179e+03 9.901618104800902209e-01
0.000000000000000000e+00 0.000000000000000000e+00 0.000000000000000000e+00 4.551831372428207032e+03 9.908865520011223005e-01
0.000000000000000000e+00 0.000000000000000000e+00 0.000000000000000000e+00 4.567746866737395976e+03 9.915701573968886962e-01
0.000000000000000000e+00 0.000000000000000000e+00 0.000000000000000000e+00 4.583662361046585829e+03 9.922139561841716304e-01
0.000000000000000000e+00 0.000000000000000000e+00 0.000000000000000000e+00 4.599577855355775682e+03 9.928193155871183340e-01
0.000000000000000000e+00 0.000000000000000000e+00 0.000000000000000000e+00 4.615493349664964626e+03 9.933876324808601499e-01
0.000000000000000000e+00 0.000000000000000000e+00 0.000000000000000000e+00 4.631408843974154479e+03 9.939203256923165863e-01
0.000000000000000000e+00 0.000000000000000000e+00 0.000000000000000000e+00 4.647324338283344332e+03 9.944188286835433654e-01
0.000000000000000000e+00 0.000000000000000000e+00 0.000000000000000000e+00 4.663239832592533276e+03 9.948845826384009605e-01
0.000000000000000000e+00 0.000000000000000000e+00 0.000000000000000000e+00 4.679155326901723129e+03 9.953190299688983167e-01
0.000000000000000000e+00 0.000000000000000000e+00 0.000000000000000000e+00 4.695070821210912982e+03 9.957236082533060806e-01
0.000000000000000000e+00 0.000000000000000000e+00 0.000000000000000000e+00 4.710986315520101925e+03 9.960997446140971157e-01
0.000000000000000000e+00 0.000000000000000000e+00 0.000000000000000000e+00 4.726901809829291778e+03 9.964488505399597962e-01
0.000000000000000000e+00 0.000000000000000000e+00 0.000000000000000000e+00 4.742817304138481632e+03 9.967723171525759707e-01
0.000000000000000000e+00 0.000000000000000000e+00 0.000000000000000000e+00 4.758732798447670575e+03 9.970715109155733336e-01
0.000000000000000000e+00 0.000000000000000000e+00 0.000000000000000000e+00 4.774648292756860428e+03 9.973477697800563480e-01
0.000000000000000000e+00 0.000000000000000000e+00 0.000000000000000000e+00 4.790563787066049372e+03 9.976023997584017033e-01
0.000000000000000000e+00 0.000000000000000000e+00 0.000000000000000000e+00 4.806479281375239225e+03 9.978366719155757902e-01
0.000000000000000000e+00 0.000000000000000000e+00 0.000000000000000000e+00 4.822394775684429078e+03 9.980518197650822820e-01
0.000000000000000000e+00 0.000000000000000000e+00 0.000000000000000000e+00 4.838310269993618022e+03 9.982490370547894010e-01
0.000000000000000000e+00 0.000000000000000000e+00 0.000000000000000000e+00 4.854225764302807875e+03 9.984294759262928309e-01
0.000000000000000000e+00 0.000000000000000000e+00 0.000000000000000000e+00 4.870141258611997728e+03 9.985942454301444116e-01
0.000000000000000000e+00 0.000000000000000000e+00 0.000000000000000000e+00 4.886056752921186671e+03 9.987444103782037175e-01
0.000000000000000000e+00 0.000000000000000000e+00 0.000000000000000000e+00 4.901972247230376524e+03 9.988809905135298539e-01
0.000000000000000000e+00 0.000000000000000000e+00 0.000000000000000000e+00 4.917887741539566377e+03 9.990049599776242850e-01
0.000000000000000000e+00 0.000000000000000000e+00 0.000000000000000000e+00 4.933803235848755321e+03 9.991172470544272821e-01
0.000000000000000000e+00 0.000000000000000000e+00 0.000000000000000000e+00 4.949718730157945174e+03 9.992187341702658543e-01
0.000000000000000000e+00 0.000000000000000000e+00 0.000000000000000000e+00 4.965634224467135027e+03 9.993102581289151631e-01
0.000000000000000000e+00 0.000000000000000000e+00 0.000000000000000000e+00 4.981549718776323971e+03 9.993926105610648758e-01
0.000000000000000000e+00 0.000000000000000000e+00 0.000000000000000000e+00 4.997465213085513824e+03 9.994665385677570235e-01
0.000000000000000000e+00 0.000000000000000000e+00 0.000000000000000000e+00 5.013380707394703677e+03 9.995327455377610582e-01
0.000000000000000000e+00 0.000000000000000000e+00 0.000000000000000000e+00 5.029296201703892621e+03 9.995918921193716056e-01
0.000000000000000000e+00 0.000000000000000000e+00 0.000000000000000000e+00 5.045211696013082474e+03 9.996445973277272579e-01
0.000000000000000000e+00 0.000000000000000000e+00 0.000000000000000000e+00 5.061127190322272327e+03 9.996914397694518506e-01
0.000000000000000000e+00 0.000000000000000000e+00 0.000000000000000000e+00 5.077042684631461270e+03 9.997329589671883898e-01
0.000000000000000000e+00 0.000000000000000000e+00 0.000000000000000000e+00 5.092958178940651123e+03 9.997696567674314583e-01
0.000000000000000000e+00 0.000000000000000000e+00 0.000000000000000000e+00 5.108873673249840067e+03 9.998019988159374538e-01
0.000000000000000000e+00 0.000000000000000000e+00 0.000000000000000000e+00 5.124789167559029920e+03 9.998304160859103895e-01
0.000000000000000000e+00 0.000000000000000000e+00 0.000000000000000000e+00 5.140704661868219773e+03 9.998553064450987904e-01
0.000000000000000000e+00 0.000000000000000000e+00 0.000000000000000000e+00 5.156620156177408717e+03 9.998770362488960117e-01
0.000000000000000000e+00 0.000000000000000000e+00 0.000000000000000000e+00 5.172535650486598570e+03 9.998959419475026422e-01
0.000000000000000000e+00 0.000000000000000000e+00 0.000000000000000000e+00 5.188451144795788423e+03 9.999123316961711083e-01
0.000000000000000000e+00 0.000000000000000000e+00 0.000000000000000000e+00 5.204366639104977367e+03 9.999264869585134941e-01
0.000000000000000000e+00 0.000000000000000000e+00 0.000000000000000000e+00 5.220282133414167220e+03 9.999386640937929505e-01
0.000000000000000000e+00 0.000000000000000000e+00 0.000000000000000000e+00 5.236197627723357073e+03 9.999490959200476592e-01
0.000000000000000000e+00 0.000000000000000000e+00 0.000000000000000000e+00 5.252113122032546016e+03 9.999579932457949294e-01
0.000000000000000000e+00 0.000000000000000000e+00 0.000000000000000000e+00 5.268028616341735869e+03 9.999655463639328667e-01
0.000000000000000000e+00 0.000000000000000000e+00 0.000000000000000000e+00 5.283944110650925722e+03 9.999719265023021553e-01
0.000000000000000000e+00 0.000000000000000000e+00 0.000000000000000000e+00 5.299859604960114666e+03 9.999772872261665224e-01
0.000000000000000000e+00 0.000000000000000000e+00 0.000000000000000000e+00 5.315775099269304519e+03 9.999817657886437283e-01
0.000000000000000000e+00 0.000000000000000000e+00 0.000000000000000000e+00 5.331690593578494372e+03 9.999854844258380115e-01
0.000000000000000000e+00 0.000000000000000000e+00 0.000000000000000000e+00 5.347606087887683316e+03 9.999885515941134839e-01
0.000000000000000000e+00 0.000000000000000000e+00 0.000000000000000000e+00 5.363521582196873169e+03 9.999910631475830147e-01
0.000000000000000000e+00 0.000000000000000000e+00 0.000000000000000000e+00 5.379437076506062112e+03 9.999931034544848885e-01
0.000000000000000000e+00 0.000000000000000000e+00 0.000000000000000000e+00 5.395352570815251966e+03 9.999947464516711904e-01
0.000000000000000000e+00 0.000000000000000000e+00 0.000000000000000000e+00 5.411268065124441819e+03 9.999960566369366921e-01
0.000000000000000000e+00 0.000000000000000000e+00 0.000000000000000000e+00 5.427183559433630762e+03 9.999970899993766427e-01
0.000000000000000000e+00 0.000000000000000000e+00 0.000000000000000000e+00 5.443099053742820615e+03 9.999978948883834207e-01
0.000000000000000000e+00 0.000000000000000000e+00 0.000000000000000000e+00 5.459014548052010468e+03 9.999985128222619313e-01
0.000000000000000000e+00 0.000000000000000000e+00 0.000000000000000000e+00 5.474930042361199412e+03 9.999989792377770303e-01
0.000000000000000000e+00 0.000000000000000000e+00 0.000000000000000000e+00 5.490845536670389265e+03 9.999993241822353607e-01
0.000000000000000000e+00 0.000000000000000000e+00 0.000000000000000000e+00 5.506761030979579118e+03 9.999995729499575603e-01
0.000000000000000000e+00 0.000000000000000000e+00 0.000000000000000000e+00 5.522676525288768062e+03 9.999997466652043032e-01
0.000000000000000000e+00 0.000000000000000000e+00 0.000000000000000000e+00 5.538592019597957915e+03 9.999998628138032641e-01
0.000000000000000000e+00 0.000000000000000000e+00 0.000000000000000000e+00 5.554507513907147768e+03 9.999999357258577692e-01
0.000000000000000000e+00 0.000000000000000000e+00 0.000000000000000000e+00 5.570423008216336711e+03 9.999999770120353570e-01
0.000000000000000000e+00 0.000000000000000000e+00 0.000000000000000000e+00 5.586338502525526565e+03 9.999999959560066376e-01
0.000000000000000000e+00 0.000000000000000000e+00 0.000000000000000000e+00 5.602253996834716418e+03 9.999999998656627920e-01
0.000000000000000000e+00 0.000000000000000000e+00 0.000000000000000000e+00 5.618169491143905361e+03 9.999999943857571516e-01
0.000000000000000000e+00 0.000000000000000000e+00 0.000000000000000000e+00 5.634084985453095214e+03 9.999999837746269549e-01
0.000000000000000000e+00 0.000000000000000000e+00 0.000000000000000000e+00 5.650000479762285067e+03 9.999999711476195152e-01
0.000000000000000000e+00 0.000000000000000000e+00 0.000000000000000000e+00 5.665915974071474011e+03 9.999999586898185022e-01
0.000000000000000000e+00 0.000000000000000000e+00 0.000000000000000000e+00 5.681831468380663864e+03 9.999999478406009779e-01
0.000000000000000000e+00 0.000000000000000000e+00 0.000000000000000000e+00 5.697746962689852808e+03 9.999999394524861085e-01
0.000000000000000000e+00 0.000000000000000000e+00 0.000000000000000000e+00 5.713662456999042661e+03 9.999999339266518739e-01
0.000000000000000000e+00 0.000000000000000000e+00 0.000000000000000000e+00 5.729577951308232514e+03 9.999999313273988388e-01
0.000000000000000000e+00 0.000000000000000000e+00 0.000000000000000000e+00 5.745493445617421457e+03 9.999999314777341386e-01
0.000000000000000000e+00 0.000000000000000000e+00 0.000000000000000000e+00 5.761408939926611311e+03 9.999999340381353630e-01
0.000000000000000000e+00 0.000000000000000000e+00 0.000000000000000000e+00 5.777324434235801164e+03 9.999999385704381183e-01
0.000000000000000000e+00 0.000000000000000000e+00 0.000000000000000000e+00 5.793239928544990107e+03 9.999999445886655902e-01
0.000000000000000000e+00 0.000000000000000000e+00 0.000000000000000000e+00 5.809155422854179960e+03 9.999999515984939746e-01
0.000000000000000000e+00 0.000000000000000000e+00 0.000000000000000000e+00 5.825070917163369813e+03 9.999999591269230770e-01
0.000000000000000000e+00 0.000000000000000000e+00 0.000000000000000000e+00 5.840986411472558757e+03 9.999999667435941486e-01
0.000000000000000000e+00 0.000000000000000000e+00 0.000000000000000000e+00 5.856901905781748610e+03 9.999999740750726840e-01
0.000000000000000000e+00 0.000000000000000000e+00 0.000000000000000000e+00 5.872817400090938463e+03 9.999999808132913337e-01
0.000000000000000000e+00 0.000000000000000000e+00 0.000000000000000000e+00 5.888732894400127407e+03 9.999999867192315151e-01
0.000000000000000000e+00 0.000000000000000000e+00 0.000000000000000000e+00 5.904648388709317260e+03 9.999999916228032859e-01
0.000000000000000000e+00 0.000000000000000000e+00 0.000000000000000000e+00 5.920563883018507113e+03 9.999999954197792418e-01
0.000000000000000000e+00 0.000000000000000000e+00 0.000000000000000000e+00 5.936479377327696056e+03 9.999999980665261745e-01
0.000000000000000000e+00 0.000000000000000000e+00 0.000000000000000000e+00 5.952394871636885910e+03 9.999999995731860825e-01
0.000000000000000000e+00 0.000000000000000000e+00 0.000000000000000000e+00 5.968310365946075763e+03 9.999999999958626429e-01
0.000000000000000000e+00 0.000000000000000000e+00 0.000000000000000000e+00 5.984225860255264706e+03 9.999999994282824378e-01
