# Tone frequency (Hz)	Measured Fidelity	Simulated Fidelity	Frequency (Hz)	Analytic Fidelity
0.000000000000000000e+00 9.834264499999999520e-01 1.000000000000000000e+00 1.591549430918953456e-01 9.999999949897857565e-01
3.000000000000000000e+02 9.772157700000000391e-01 9.830123959090689700e-01 1.591549430918953334e+01 9.999499054099025841e-01
6.000000000000000000e+02 9.515440499999999746e-01 9.402982536974768824e-01 3.183098861837906668e+01 9.997997122418320615e-01
9.000000000000000000e+02 8.798700600000000094e-01 8.907118324161980016e-01 4.774648292756860002e+01 9.995496920009635522e-01
1.200000000000000000e+03 8.618127700000000058e-01 8.522673634565407497e-01 6.366197723675813336e+01 9.992002961926809146e-01
1.500000000000000000e+03 8.201262400000000063e-01 8.349813681036710733e-01 7.957747154594767380e+01 9.987521548237466851e-01
1.800000000000000000e+03 8.394205599999999823e-01 8.402280277948512843e-01 9.549296585513720004e+01 9.982060743159482108e-01
2.100000000000000000e+03 8.650146699999999855e-01 8.631388140538230891e-01 1.114084601643267405e+02 9.975630348441064665e-01
2.400000000000000000e+03 9.106405400000000538e-01 8.954893063491043970e-01 1.273239544735162667e+02 9.968241871135545829e-01
2.700000000000000000e+03 9.515114999999999545e-01 9.287101404296163043e-01 1.432394487827058072e+02 9.959908485952841950e-01
3.000000000000000000e+03 9.623897700000000333e-01 9.565430030784016768e-01 1.591549430918953476e+02 9.950644992399023669e-01
3.300000000000000000e+03 9.775870399999999627e-01 9.763231838883772440e-01 1.750704374010848881e+02 9.940467766942959749e-01
3.600000000000000000e+03 9.814689199999999669e-01 9.884734728800411707e-01 1.909859317102744001e+02 9.929394710474730434e-01
3.900000000000000000e+03 9.752147799999999478e-01 9.949918912732120813e-01 2.069014260194639405e+02 9.917445191343894351e-01
4.200000000000000000e+03 9.812834900000000360e-01 9.980635201394825184e-01 2.228169203286534810e+02 9.904639984286802701e-01
4.500000000000000000e+03 9.789869799999999511e-01 9.993368106689812791e-01 2.387324146378430214e+02 9.891001205570832955e-01
4.800000000000000000e+03 9.661397299999999744e-01 9.998002463363313552e-01 2.546479089470325334e+02 9.876552244699311478e-01
5.100000000000000000e+03 9.820907100000000334e-01 9.999475804425212999e-01 2.705634032562221023e+02 9.861317693034313825e-01
5.400000000000000000e+03 9.729826499999999490e-01 9.999881685222824501e-01 2.864788975654116143e+02 9.845323269705028579e-01
5.700000000000000000e+03 9.745296799999999537e-01 9.999977448152925774e-01 3.023943918746011263e+02 9.828595745177171050e-01
0.000000000000000000e+00 0.000000000000000000e+00 0.000000000000000000e+00 3.183098861837906952e+02 9.811162862863922474e-01
0.000000000000000000e+00 0.000000000000000000e+00 0.000000000000000000e+00 3.342253804929802072e+02 9.793053259161138557e-01
0.000000000000000000e+00 0.000000000000000000e+00 0.000000000000000000e+00 3.501408748021697761e+02 9.774296382289062723e-01
0.000000000000000000e+00 0.000000000000000000e+00 0.000000000000000000e+00 3.660563691113592881e+02 9.754922410319728510e-01
0.000000000000000000e+00 0.000000000000000000e+00 0.000000000000000000e+00 3.819718634205488001e+02 9.734962168763610091e-01
0.000000000000000000e+00 0.000000000000000000e+00 0.000000000000000000e+00 3.978873577297383690e+02 9.714447048081049640e-01
0.000000000000000000e+00 0.000000000000000000e+00 0.000000000000000000e+00 4.138028520389278810e+02 9.693408921473742890e-01
0.000000000000000000e+00 0.000000000000000000e+00 0.000000000000000000e+00 4.297183463481174499e+02 9.671880063299151953e-01
0.000000000000000000e+00 0.000000000000000000e+00 0.000000000000000000e+00 4.456338406573069619e+02 9.649893068436432575e-01
0.000000000000000000e+00 0.000000000000000000e+00 0.000000000000000000e+00 4.615493349664964740e+02 9.627480772916424678e-01
0.000000000000000000e+00 0.000000000000000000e+00 0.000000000000000000e+00 4.774648292756860428e+02 9.604676176110624741e-01
0.000000000000000000e+00 0.000000000000000000e+00 0.000000000000000000e+00 4.933803235848755548e+02 9.581512364755162547e-01
0.000000000000000000e+00 0.000000000000000000e+00 0.000000000000000000e+00 5.092958178940650669e+02 9.558022439065702036e-01
0.000000000000000000e+00 0.000000000000000000e+00 0.000000000000000000e+00 5.252113122032545789e+02 9.534239441178206098e-01
0.000000000000000000e+00 0.000000000000000000e+00 0.000000000000000000e+00 5.411268065124442046e+02 9.510196286128760335e-01
0.000000000000000000e+00 0.000000000000000000e+00 0.000000000000000000e+00 5.570423008216337166e+02 9.485925695563420801e-01
0.000000000000000000e+00 0.000000000000000000e+00 0.000000000000000000e+00 5.729577951308232286e+02 9.461460134346515449e-01
0.000000000000000000e+00 0.000000000000000000e+00 0.000000000000000000e+00 5.888732894400127407e+02 9.436831750213101611e-01
0.000000000000000000e+00 0.000000000000000000e+00 0.000000000000000000e+00 6.047887837492022527e+02 9.412072316588735443e-01
0.000000000000000000e+00 0.000000000000000000e+00 0.000000000000000000e+00 6.207042780583918784e+02 9.387213178677287218e-01
0.000000000000000000e+00 0.000000000000000000e+00 0.000000000000000000e+00 6.366197723675813904e+02 9.362285202895573866e-01
0.000000000000000000e+00 0.000000000000000000e+00 0.000000000000000000e+00 6.525352666767709024e+02 9.337318729712162924e-01
0.000000000000000000e+00 0.000000000000000000e+00 0.000000000000000000e+00 6.684507609859604145e+02 9.312343529926979668e-01
0.000000000000000000e+00 0.000000000000000000e+00 0.000000000000000000e+00 6.843662552951499265e+02 9.287388764408406328e-01
0.000000000000000000e+00 0.000000000000000000e+00 0.000000000000000000e+00 7.002817496043395522e+02 9.262482947285577417e-01
0.000000000000000000e+00 0.000000000000000000e+00 0.000000000000000000e+00 7.161972439135290642e+02 9.237653912575589654e-01
0.000000000000000000e+00 0.000000000000000000e+00 0.000000000000000000e+00 7.321127382227185763e+02 9.212928784208469501e-01
0.000000000000000000e+00 0.000000000000000000e+00 0.000000000000000000e+00 7.480282325319080883e+02 9.188333949396951805e-01
0.000000000000000000e+00 0.000000000000000000e+00 0.000000000000000000e+00 7.639437268410976003e+02 9.163895035283713408e-01
0.000000000000000000e+00 0.000000000000000000e+00 0.000000000000000000e+00 7.798592211502872260e+02 9.139636888785285240e-01
0.000000000000000000e+00 0.000000000000000000e+00 0.000000000000000000e+00 7.957747154594767380e+02 9.115583559539977010e-01
0.000000000000000000e+00 0.000000000000000000e+00 0.000000000000000000e+00 8.116902097686662501e+02 9.091758285856349486e-01
0.000000000000000000e+00 0.000000000000000000e+00 0.000000000000000000e+00 8.276057040778557621e+02 9.068183483549328017e-01
0.000000000000000000e+00 0.000000000000000000e+00 0.000000000000000000e+00 8.435211983870452741e+02 9.044880737542861926e-01
0.000000000000000000e+00 0.000000000000000000e+00 0.000000000000000000e+00 8.594366926962348998e+02 9.021870796111086666e-01
0.000000000000000000e+00 0.000000000000000000e+00 0.000000000000000000e+00 8.753521870054244118e+02 8.999173567624189074e-01
0.000000000000000000e+00 0.000000000000000000e+00 0.000000000000000000e+00 8.912676813146139239e+02 8.976808119660606433e-01
0.000000000000000000e+00 0.000000000000000000e+00 0.000000000000000000e+00 9.071831756238034359e+02 8.954792680343757194e-01
0.000000000000000000e+00 0.000000000000000000e+00 0.000000000000000000e+00 9.230986699329929479e+02 8.933144641759123150e-01
0.000000000000000000e+00 0.000000000000000000e+00 0.000000000000000000e+00 9.390141642421825736e+02 8.911880565306090629e-01
0.000000000000000000e+00 0.000000000000000000e+00 0.000000000000000000e+00 9.549296585513720856e+02 8.891016188838660739e-01
0.000000000000000000e+00 0.000000000000000000e+00 0.000000000000000000e+00 9.708451528605615977e+02 8.870566435449465104e-01
0.000000000000000000e+00 0.000000000000000000e+00 0.000000000000000000e+00 9.867606471697511097e+02 8.850545423752981256e-01
0.000000000000000000e+00 0.000000000000000000e+00 0.000000000000000000e+00 1.002676141478940622e+03 8.830966479525758084e-01
0.000000000000000000e+00 0.000000000000000000e+00 0.000000000000000000e+00 1.018591635788130134e+03 8.811842148564348332e-01
0.000000000000000000e+00 0.000000000000000000e+00 0.000000000000000000e+00 1.034507130097319759e+03 8.793184210624817032e-01
0.000000000000000000e+00 0.000000000000000000e+00 0.000000000000000000e+00 1.050422624406509158e+03 8.775003694311801494e-01
0.000000000000000000e+00 0.000000000000000000e+00 0.000000000000000000e+00 1.066338118715698783e+03 8.757310892789373913e-01
0.000000000000000000e+00 0.000000000000000000e+00 0.000000000000000000e+00 1.082253613024888409e+03 8.740115380190738303e-01
0.000000000000000000e+00 0.000000000000000000e+00 0.000000000000000000e+00 1.098169107334077808e+03 8.723426028609093663e-01
0.000000000000000000e+00 0.000000000000000000e+00 0.000000000000000000e+00 1.114084601643267433e+03 8.707251025557319890e-01
0.000000000000000000e+00 0.000000000000000000e+00 0.000000000000000000e+00 1.130000095952456832e+03 8.691597891789937247e-01
0.000000000000000000e+00 0.000000000000000000e+00 0.000000000000000000e+00 1.145915590261646457e+03 8.676473499386632149e-01
0.000000000000000000e+00 0.000000000000000000e+00 0.000000000000000000e+00 1.161831084570836083e+03 8.661884090002702763e-01
0.000000000000000000e+00 0.000000000000000000e+00 0.000000000000000000e+00 1.177746578880025481e+03 8.647835293197885242e-01
0.000000000000000000e+00 0.000000000000000000e+00 0.000000000000000000e+00 1.193662073189215107e+03 8.634332144761140970e-01
0.000000000000000000e+00 0.000000000000000000e+00 0.000000000000000000e+00 1.209577567498404505e+03 8.621379104955269046e-01
0.000000000000000000e+00 0.000000000000000000e+00 0.000000000000000000e+00 1.225493061807594131e+03 8.608980076611219001e-01
0.000000000000000000e+00 0.000000000000000000e+00 0.000000000000000000e+00 1.241408556116783757e+03 8.597138423008137131e-01
0.000000000000000000e+00 0.000000000000000000e+00 0.000000000000000000e+00 1.257324050425973155e+03 8.585856985481155057e-01
0.000000000000000000e+00 0.000000000000000000e+00 0.000000000000000000e+00 1.273239544735162781e+03 8.575138100704813304e-01
0.000000000000000000e+00 0.000000000000000000e+00 0.000000000000000000e+00 1.289155039044352179e+03 8.564983617605697042e-01
0.000000000000000000e+00 0.000000000000000000e+00 0.000000000000000000e+00 1.305070533353541805e+03 8.555394913863498818e-01
0.000000000000000000e+00 0.000000000000000000e+00 0.000000000000000000e+00 1.320986027662731431e+03 8.546372911965074426e-01
0.000000000000000000e+00 0.000000000000000000e+00 0.000000000000000000e+00 1.336901521971920829e+03 8.537918094781284939e-01
0.000000000000000000e+00 0.000000000000000000e+00 0.000000000000000000e+00 1.352817016281110455e+03 8.530030520641465053e-01
0.000000000000000000e+00 0.000000000000000000e+00 0.000000000000000000e+00 1.368732510590299853e+03 8.522709837885005246e-01
0.000000000000000000e+00 0.000000000000000000e+00 0.000000000000000000e+00 1.384648004899489479e+03 8.515955298874349211e-01
0.000000000000000000e+00 0.000000000000000000e+00 0.000000000000000000e+00 1.400563499208679104e+03 8.509765773457813598e-01
0.000000000000000000e+00 0.000000000000000000e+00 0.000000000000000000e+00 1.416478993517868503e+03 8.504139761874965897e-01
0.000000000000000000e+00 0.000000000000000000e+00 0.000000000000000000e+00 1.432394487827058128e+03 8.499075407101019941e-01
0.000000000000000000e+00 0.000000000000000000e+00 0.000000000000000000e+00 1.448309982136247527e+03 8.494570506630518825e-01
0.000000000000000000e+00 0.000000000000000000e+00 0.000000000000000000e+00 1.464225476445437153e+03 8.490622523703938995e-01
0.000000000000000000e+00 0.000000000000000000e+00 0.000000000000000000e+00 1.480140970754626778e+03 8.487228597984008971e-01
0.000000000000000000e+00 0.000000000000000000e+00 0.000000000000000000e+00 1.496056465063816177e+03 8.484385555691661418e-01
0.000000000000000000e+00 0.000000000000000000e+00 0.000000000000000000e+00 1.511971959373005802e+03 8.482089919214126361e-01
0.000000000000000000e+00 0.000000000000000000e+00 0.000000000000000000e+00 1.527887453682195201e+03 8.480337916200330062e-01
0.000000000000000000e+00 0.000000000000000000e+00 0.000000000000000000e+00 1.543802947991384826e+03 8.479125488161075586e-01
0.000000000000000000e+00 0.000000000000000000e+00 0.000000000000000000e+00 1.559718442300574452e+03 8.478448298593467269e-01
0.000000000000000000e+00 0.000000000000000000e+00 0.000000000000000000e+00 1.575633936609763850e+03 8.478301740651185137e-01
0.000000000000000000e+00 0.000000000000000000e+00 0.000000000000000000e+00 1.591549430918953476e+03 8.478680944383667484e-01
0.000000000000000000e+00 0.000000000000000000e+00 0.000000000000000000e+00 1.607464925228142874e+03 8.479580783568930746e-01
0.000000000000000000e+00 0.000000000000000000e+00 0.000000000000000000e+00 1.623380419537332500e+03 8.480995882166040278e-01
0.000000000000000000e+00 0.000000000000000000e+00 0.000000000000000000e+00 1.639295913846522126e+03 8.482920620414335922e-01
0.000000000000000000e+00 0.000000000000000000e+00 0.000000000000000000e+00 1.655211408155711524e+03 8.485349140607514329e-01
0.000000000000000000e+00 0.000000000000000000e+00 0.000000000000000000e+00 1.671126902464901150e+03 8.488275352571430510e-01
0.000000000000000000e+00 0.000000000000000000e+00 0.000000000000000000e+00 1.687042396774090548e+03 8.491692938875095020e-01
0.000000000000000000e+00 0.000000000000000000e+00 0.000000000000000000e+00 1.702957891083280174e+03 8.495595359804752889e-01
0.000000000000000000e+00 0.000000000000000000e+00 0.000000000000000000e+00 1.718873385392469800e+03 8.499975858131298967e-01
0.000000000000000000e+00 0.000000000000000000e+00 0.000000000000000000e+00 1.734788879701659198e+03 8.504827463701272183e-01
0.000000000000000000e+00 0.000000000000000000e+00 0.000000000000000000e+00 1.750704374010848824e+03 8.510142997881775528e-01
0.000000000000000000e+00 0.000000000000000000e+00 0.000000000000000000e+00 1.766619868320038222e+03 8.515915077889473217e-01
0.000000000000000000e+00 0.000000000000000000e+00 0.000000000000000000e+00 1.782535362629227848e+03 8.522136121033392353e-01
0.000000000000000000e+00 0.000000000000000000e+00 0.000000000000000000e+00 1.798450856938417473e+03 8.528798348900991089e-01
0.000000000000000000e+00 0.000000000000000000e+00 0.000000000000000000e+00 1.814366351247606872e+03 8.535893791516231399e-01
0.000000000000000000e+00 0.000000000000000000e+00 0.000000000000000000e+00 1.830281845556796497e+03 8.543414291497751778e-01
0.000000000000000000e+00 0.000000000000000000e+00 0.000000000000000000e+00 1.846197339865985896e+03 8.551351508244382504e-01
0.000000000000000000e+00 0.000000000000000000e+00 0.000000000000000000e+00 1.862112834175175522e+03 8.559696922174351297e-01
0.000000000000000000e+00 0.000000000000000000e+00 0.000000000000000000e+00 1.878028328484365147e+03 8.568441839043368091e-01
0.000000000000000000e+00 0.000000000000000000e+00 0.000000000000000000e+00 1.893943822793554546e+03 8.577577394365765162e-01
0.000000000000000000e+00 0.000000000000000000e+00 0.000000000000000000e+00 1.909859317102744171e+03 8.587094557961429953e-01
0.000000000000000000e+00 0.000000000000000000e+00 0.000000000000000000e+00 1.925774811411933570e+03 8.596984138650058949e-01
0.000000000000000000e+00 0.000000000000000000e+00 0.000000000000000000e+00 1.941690305721123195e+03 8.607236789112721054e-01
0.000000000000000000e+00 0.000000000000000000e+00 0.000000000000000000e+00 1.957605800030312594e+03 8.617843010939246762e-01
0.000000000000000000e+00 0.000000000000000000e+00 0.000000000000000000e+00 1.973521294339502219e+03 8.628793159878279662e-01
0.000000000000000000e+00 0.000000000000000000e+00 0.000000000000000000e+00 1.989436788648691845e+03 8.640077451305230305e-01
0.000000000000000000e+00 0.000000000000000000e+00 0.000000000000000000e+00 2.005352282957881243e+03 8.651685965921582788e-01
0.000000000000000000e+00 0.000000000000000000e+00 0.000000000000000000e+00 2.021267777267070869e+03 8.663608655697222494e-01
0.000000000000000000e+00 0.000000000000000000e+00 0.000000000000000000e+00 2.037183271576260267e+03 8.675835350065610463e-01
0.000000000000000000e+00 0.000000000000000000e+00 0.000000000000000000e+00 2.053098765885450121e+03 8.688355762379738056e-01
0.000000000000000000e+00 0.000000000000000000e+00 0.000000000000000000e+00 2.069014260194639519e+03 8.701159496634951473e-01
0.000000000000000000e+00 0.000000000000000000e+00 0.000000000000000000e+00 2.084929754503828917e+03 8.714236054462646264e-01
0.000000000000000000e+00 0.000000000000000000e+00 0.000000000000000000e+00 2.100845248813018316e+03 8.727574842397074484e-01
0.000000000000000000e+00 0.000000000000000000e+00 0.000000000000000000e+00 2.116760743122208169e+03 8.741165179415427700e-01
0.000000000000000000e+00 0.000000000000000000e+00 0.000000000000000000e+00 2.132676237431397567e+03 8.754996304749418368e-01
0.000000000000000000e+00 0.000000000000000000e+00 0.000000000000000000e+00 2.148591731740586965e+03 8.769057385964709184e-01
0.000000000000000000e+00 0.000000000000000000e+00 0.000000000000000000e+00 2.164507226049776818e+03 8.783337527302561565e-01
0.000000000000000000e+00 0.000000000000000000e+00 0.000000000000000000e+00 2.180422720358966217e+03 8.797825778276225916e-01
0.000000000000000000e+00 0.000000000000000000e+00 0.000000000000000000e+00 2.196338214668155615e+03 8.812511142512757800e-01
0.000000000000000000e+00 0.000000000000000000e+00 0.000000000000000000e+00 2.212253708977345468e+03 8.827382586829097821e-01
0.000000000000000000e+00 0.000000000000000000e+00 0.000000000000000000e+00 2.228169203286534866e+03 8.842429050529614365e-01
0.000000000000000000e+00 0.000000000000000000e+00 0.000000000000000000e+00 2.244084697595724265e+03 8.857639454910558596e-01
0.000000000000000000e+00 0.000000000000000000e+00 0.000000000000000000e+00 2.260000191904913663e+03 8.873002712955306848e-01
0.000000000000000000e+00 0.000000000000000000e+00 0.000000000000000000e+00 2.275915686214103516e+03 8.888507739202815561e-01
0.000000000000000000e+00 0.000000000000000000e+00 0.000000000000000000e+00 2.291831180523292915e+03 8.904143459770204050e-01
0.000000000000000000e+00 0.000000000000000000e+00 0.000000000000000000e+00 2.307746674832482313e+03 8.919898822509176872e-01
0.000000000000000000e+00 0.000000000000000000e+00 0.000000000000000000e+00 2.323662169141672166e+03 8.935762807274643116e-01
0.000000000000000000e+00 0.000000000000000000e+00 0.000000000000000000e+00 2.339577663450861564e+03 8.951724436282957331e-01
0.000000000000000000e+00 0.000000000000000000e+00 0.000000000000000000e+00 2.355493157760050963e+03 8.967772784536098829e-01
0.000000000000000000e+00 0.000000000000000000e+00 0.000000000000000000e+00 2.371408652069240816e+03 8.983896990287265627e-01
0.000000000000000000e+00 0.000000000000000000e+00 0.000000000000000000e+00 2.387324146378430214e+03 9.000086265522716511e-01
0.000000000000000000e+00 0.000000000000000000e+00 0.000000000000000000e+00 2.403239640687619612e+03 9.016329906433958596e-01
0.000000000000000000e+00 0.000000000000000000e+00 0.000000000000000000e+00 2.419155134996809011e+03 9.032617303854026947e-01
0.000000000000000000e+00 0.000000000000000000e+00 0.000000000000000000e+00 2.435070629305998864e+03 9.048937953631182030e-01
0.000000000000000000e+00 0.000000000000000000e+00 0.000000000000000000e+00 2.450986123615188262e+03 9.065281466913195363e-01
0.000000000000000000e+00 0.000000000000000000e+00 0.000000000000000000e+00 2.466901617924377661e+03 9.081637580315363723e-01
0.000000000000000000e+00 0.000000000000000000e+00 0.000000000000000000e+00 2.482817112233567514e+03 9.097996165945363423e-01
0.000000000000000000e+00 0.000000000000000000e+00 0.000000000000000000e+00 2.498732606542756912e+03 9.114347241258387022e-01
0.000000000000000000e+00 0.000000000000000000e+00 0.000000000000000000e+00 2.514648100851946310e+03 9.130680978716261276e-01
0.000000000000000000e+00 0.000000000000000000e+00 0.000000000000000000e+00 2.530563595161136163e+03 9.146987715224770277e-01
0.000000000000000000e+00 0.000000000000000000e+00 0.000000000000000000e+00 2.546479089470325562e+03 9.163257961323962864e-01
0.000000000000000000e+00 0.000000000000000000e+00 0.000000000000000000e+00 2.562394583779514960e+03 9.179482410107003831e-01
0.000000000000000000e+00 0.000000000000000000e+00 0.000000000000000000e+00 2.578310078088704358e+03 9.195651945843901220e-01
0.000000000000000000e+00 0.000000000000000000e+00 0.000000000000000000e+00 2.594225572397894211e+03 9.211757652287438924e-01
0.000000000000000000e+00 0.000000000000000000e+00 0.000000000000000000e+00 2.610141066707083610e+03 9.227790820639709679e-01
0.000000000000000000e+00 0.000000000000000000e+00 0.000000000000000000e+00 2.626056561016273008e+03 9.243742957158731510e-01
0.000000000000000000e+00 0.000000000000000000e+00 0.000000000000000000e+00 2.641972055325462861e+03 9.259605790385962987e-01
0.000000000000000000e+00 0.000000000000000000e+00 0.000000000000000000e+00 2.657887549634652260e+03 9.275371277976796058e-01
0.000000000000000000e+00 0.000000000000000000e+00 0.000000000000000000e+00 2.673803043943841658e+03 9.291031613117548549e-01
0.000000000000000000e+00 0.000000000000000000e+00 0.000000000000000000e+00 2.689718538253031056e+03 9.306579230513918333e-01
0.000000000000000000e+00 0.000000000000000000e+00 0.000000000000000000e+00 2.705634032562220909e+03 9.322006811937414428e-01
0.000000000000000000e+00 0.000000000000000000e+00 0.000000000000000000e+00 2.721549526871410308e+03 9.337307291317835656e-01
0.000000000000000000e+00 0.000000000000000000e+00 0.000000000000000000e+00 2.737465021180599706e+03 9.352473859371501774e-01
0.000000000000000000e+00 0.000000000000000000e+00 0.000000000000000000e+00 2.753380515489789559e+03 9.367499967756550694e-01
0.000000000000000000e+00 0.000000000000000000e+00 0.000000000000000000e+00 2.769296009798978957e+03 9.382379332748349565e-01
0.000000000000000000e+00 0.000000000000000000e+00 0.000000000000000000e+00 2.785211504108168356e+03 9.397105938429637373e-01
0.000000000000000000e+00 0.000000000000000000e+00 0.000000000000000000e+00 2.801126998417358209e+03 9.411674039391795255e-01
0.000000000000000000e+00 0.000000000000000000e+00 0.000000000000000000e+00 2.817042492726547607e+03 9.426078162945268346e-01
0.000000000000000000e+00 0.000000000000000000e+00 0.000000000000000000e+00 2.832957987035737005e+03 9.440313110838800537e-01
0.000000000000000000e+00 0.000000000000000000e+00 0.000000000000000000e+00 2.848873481344926404e+03 9.454373960488796635e-01
0.000000000000000000e+00 0.000000000000000000e+00 0.000000000000000000e+00 2.864788975654116257e+03 9.468256065721751824e-01
0.000000000000000000e+00 0.000000000000000000e+00 0.000000000000000000e+00 2.880704469963305655e+03 9.481955057034162637e-01
0.000000000000000000e+00 0.000000000000000000e+00 0.000000000000000000e+00 2.896619964272495054e+03 9.495466841375970191e-01
0.000000000000000000e+00 0.000000000000000000e+00 0.000000000000000000e+00 2.912535458581684907e+03 9.508787601464911976e-01
0.000000000000000000e+00 0.000000000000000000e+00 0.000000000000000000e+00 2.928450952890874305e+03 9.521913794640666229e-01
0.000000000000000000e+00 0.000000000000000000e+00 0.000000000000000000e+00 2.944366447200063703e+03 9.534842151268945187e-01
0.000000000000000000e+00 0.000000000000000000e+00 0.000000000000000000e+00 2.960281941509253556e+03 9.547569672706985866e-01
0.000000000000000000e+00 0.000000000000000000e+00 0.000000000000000000e+00 2.976197435818442955e+03 9.560093628843042701e-01
0.000000000000000000e+00 0.000000000000000000e+00 0.000000000000000000e+00 2.992112930127632353e+03 9.572411555223647728e-01
0.000000000000000000e+00 0.000000000000000000e+00 0.000000000000000000e+00 3.008028424436821751e+03 9.584521249783375385e-01
0.000000000000000000e+00 0.000000000000000000e+00 0.000000000000000000e+00 3.023943918746011605e+03 9.596420769192830491e-01
0.000000000000000000e+00 0.000000000000000000e+00 0.000000000000000000e+00 3.039859413055201003e+03 9.608108424841415030e-01
0.000000000000000000e+00 0.000000000000000000e+00 0.000000000000000000e+00 3.055774907364390401e+03 9.619582778472193230e-01
0.000000000000000000e+00 0.000000000000000000e+00 0.000000000000000000e+00 3.071690401673580254e+03 9.630842637486867197e-01
0.000000000000000000e+00 0.000000000000000000e+00 0.000000000000000000e+00 3.087605895982769653e+03 9.641887049939433796e-01
0.000000000000000000e+00 0.000000000000000000e+00 0.000000000000000000e+00 3.103521390291959051e+03 9.652715299237627500e-01
0.000000000000000000e+00 0.000000000000000000e+00 0.000000000000000000e+00 3.119436884601148904e+03 9.663326898571618084e-01
0.000000000000000000e+00 0.000000000000000000e+00 0.000000000000000000e+00 3.135352378910338302e+03 9.673721585089773978e-01
0.000000000000000000e+00 0.000000000000000000e+00 0.000000000000000000e+00 3.151267873219527701e+03 9.683899313841549672e-01
0.000000000000000000e+00 0.000000000000000000e+00 0.000000000000000000e+00 3.167183367528717099e+03 9.693860251507638859e-01
0.000000000000000000e+00 0.000000000000000000e+00 0.000000000000000000e+00 3.183098861837906952e+03 9.703604769937685948e-01
0.000000000000000000e+00 0.000000000000000000e+00 0.000000000000000000e+00 3.199014356147096350e+03 9.713133439515753143e-01
0.000000000000000000e+00 0.000000000000000000e+00 0.000000000000000000e+00 3.214929850456285749e+03 9.722447022373712500e-01
0.000000000000000000e+00 0.000000000000000000e+00 0.000000000000000000e+00 3.230845344765475602e+03 9.731546465472489249e-01
0.000000000000000000e+00 0.000000000000000000e+00 0.000000000000000000e+00 3.246760839074665000e+03 9.740432893570956097e-01
0.000000000000000000e+00 0.000000000000000000e+00 0.000000000000000000e+00 3.262676333383854399e+03 9.749107602101848569e-01
0.000000000000000000e+00 0.000000000000000000e+00 0.000000000000000000e+00 3.278591827693044252e+03 9.757572049973832762e-01
0.000000000000000000e+00 0.000000000000000000e+00 0.000000000000000000e+00 3.294507322002233650e+03 9.765827852318337277e-01
0.000000000000000000e+00 0.000000000000000000e+00 0.000000000000000000e+00 3.310422816311423048e+03 9.773876773199337009e-01
0.000000000000000000e+00 0.000000000000000000e+00 0.000000000000000000e+00 3.326338310620612447e+03 9.781720718303767992e-01
0.000000000000000000e+00 0.000000000000000000e+00 0.000000000000000000e+00 3.342253804929802300e+03 9.789361727629630749e-01
0.000000000000000000e+00 0.000000000000000000e+00 0.000000000000000000e+00 3.358169299238991698e+03 9.796801968188295628e-01
0.000000000000000000e+00 0.000000000000000000e+00 0.000000000000000000e+00 3.374084793548181096e+03 9.804043726736815234e-01
0.000000000000000000e+00 0.000000000000000000e+00 0.000000000000000000e+00 3.390000287857370949e+03 9.811089402555468464e-01
0.000000000000000000e+00 0.000000000000000000e+00 0.000000000000000000e+00 3.405915782166560348e+03 9.817941500284941281e-01
0.000000000000000000e+00 0.000000000000000000e+00 0.000000000000000000e+00 3.421831276475749746e+03 9.824602622836944299e-01
0.000000000000000000e+00 0.000000000000000000e+00 0.000000000000000000e+00 3.437746770784939599e+03 9.831075464391254570e-01
0.000000000000000000e+00 0.000000000000000000e+00 0.000000000000000000e+00 3.453662265094128998e+03 9.837362803491427332e-01
0.000000000000000000e+00 0.000000000000000000e+00 0.000000000000000000e+00 3.469577759403318396e+03 9.843467496250699611e-01
0.000000000000000000e+00 0.000000000000000000e+00 0.000000000000000000e+00 3.485493253712507794e+03 9.849392469678763806e-01
0.000000000000000000e+00 0.000000000000000000e+00 0.000000000000000000e+00 3.501408748021697647e+03 9.855140715139397711e-01
0.000000000000000000e+00 0.000000000000000000e+00 0.000000000000000000e+00 3.517324242330887046e+03 9.860715281948110311e-01
0.000000000000000000e+00 0.000000000000000000e+00 0.000000000000000000e+00 3.533239736640076444e+03 9.866119271118197753e-01
0.000000000000000000e+00 0.000000000000000000e+00 0.000000000000000000e+00 3.549155230949266297e+03 9.871355829262875581e-01
0.000000000000000000e+00 0.000000000000000000e+00 0.000000000000000000e+00 3.565070725258455695e+03 9.876428142660368392e-01
0.000000000000000000e+00 0.000000000000000000e+00 0.000000000000000000e+00 3.580986219567645094e+03 9.881339431488096459e-01
0.000000000000000000e+00 0.000000000000000000e+00 0.000000000000000000e+00 3.596901713876834947e+03 9.886092944231410495e-01
0.000000000000000000e+00 0.000000000000000000e+00 0.000000000000000000e+00 3.612817208186024345e+03 9.890691952271568610e-01
0.000000000000000000e+00 0.000000000000000000e+00 0.000000000000000000e+00 3.628732702495213744e+03 9.895139744656991088e-01
0.000000000000000000e+00 0.000000000000000000e+00 0.000000000000000000e+00 3.644648196804403142e+03 9.899439623061142557e-01
0.000000000000000000e+00 0.000000000000000000e+00 0.000000000000000000e+00 3.660563691113592995e+03 9.903594896929759361e-01
0.000000000000000000e+00 0.000000000000000000e+00 0.000000000000000000e+00 3.676479185422782393e+03 9.907608878819499365e-01
0.000000000000000000e+00 0.000000000000000000e+00 0.000000000000000000e+00 3.692394679731971792e+03 9.911484879929488567e-01
0.000000000000000000e+00 0.000000000000000000e+00 0.000000000000000000e+00 3.708310174041161645e+03 9.915226205826697115e-01
0.000000000000000000e+00 0.000000000000000000e+00 0.000000000000000000e+00 3.724225668350351043e+03 9.918836152365471115e-01
0.000000000000000000e+00 0.000000000000000000e+00 0.000000000000000000e+00 3.740141162659540441e+03 9.922318001801095910e-01
0.000000000000000000e+00 0.000000000000000000e+00 0.000000000000000000e+00 3.756056656968730294e+03 9.925675019096702467e-01
0.000000000000000000e+00 0.000000000000000000e+00 0.000000000000000000e+00 3.771972151277919693e+03 9.928910448422425539e-01
0.000000000000000000e+00 0.000000000000000000e+00 0.000000000000000000e+00 3.787887645587109091e+03 9.932027509845227087e-01
0.000000000000000000e+00 0.000000000000000000e+00 0.000000000000000000e+00 3.803803139896298489e+03 9.935029396207435415e-01
0.000000000000000000e+00 0.000000000000000000e+00 0.000000000000000000e+00 3.819718634205488343e+03 9.937919270191637455e-01
0.000000000000000000e+00 0.000000000000000000e+00 0.000000000000000000e+00 3.835634128514677741e+03 9.940700261569228591e-01
0.000000000000000000e+00 0.000000000000000000e+00 0.000000000000000000e+00 3.851549622823867139e+03 9.943375464629555793e-01
0.000000000000000000e+00 0.000000000000000000e+00 0.000000000000000000e+00 3.867465117133056992e+03 9.945947935786372263e-01
0.000000000000000000e+00 0.000000000000000000e+00 0.000000000000000000e+00 3.883380611442246391e+03 9.948420691357932055e-01
0.000000000000000000e+00 0.000000000000000000e+00 0.000000000000000000e+00 3.899296105751435789e+03 9.950796705516917751e-01
0.000000000000000000e+00 0.000000000000000000e+00 0.000000000000000000e+00 3.915211600060625187e+03 9.953078908406089997e-01
0.000000000000000000e+00 0.000000000000000000e+00 0.000000000000000000e+00 3.931127094369815040e+03 9.955270184415386803e-01
0.000000000000000000e+00 0.000000000000000000e+00 0.000000000000000000e+00 3.947042588679004439e+03 9.957373370616027231e-01
0.000000000000000000e+00 0.000000000000000000e+00 0.000000000000000000e+00 3.962958082988193837e+03 9.959391255346998761e-01
0.000000000000000000e+00 0.000000000000000000e+00 0.000000000000000000e+00 3.978873577297383690e+03 9.961326576949193212e-01
0.000000000000000000e+00 0.000000000000000000e+00 0.000000000000000000e+00 3.994789071606573089e+03 9.963182022642350644e-01
0.000000000000000000e+00 0.000000000000000000e+00 0.000000000000000000e+00 4.010704565915762487e+03 9.964960227539869653e-01
0.000000000000000000e+00 0.000000000000000000e+00 0.000000000000000000e+00 4.026620060224952340e+03 9.966663773796474723e-01
0.000000000000000000e+00 0.000000000000000000e+00 0.000000000000000000e+00 4.042535554534141738e+03 9.968295189883695784e-01
0.000000000000000000e+00 0.000000000000000000e+00 0.000000000000000000e+00 4.058451048843331137e+03 9.969856949988044059e-01
0.000000000000000000e+00 0.000000000000000000e+00 0.000000000000000000e+00 4.074366543152520535e+03 9.971351473526803844e-01
0.000000000000000000e+00 0.000000000000000000e+00 0.000000000000000000e+00 4.090282037461710388e+03 9.972781124776297634e-01
0.000000000000000000e+00 0.000000000000000000e+00 0.000000000000000000e+00 4.106197531770900241e+03 9.974148212607554242e-01
0.000000000000000000e+00 0.000000000000000000e+00 0.000000000000000000e+00 4.122113026080089185e+03 9.975454990324268412e-01
0.000000000000000000e+00 0.000000000000000000e+00 0.000000000000000000e+00 4.138028520389279038e+03 9.976703655598049281e-01
0.000000000000000000e+00 0.000000000000000000e+00 0.000000000000000000e+00 4.153944014698467981e+03 9.977896350495945033e-01
0.000000000000000000e+00 0.000000000000000000e+00 0.000000000000000000e+00 4.169859509007657834e+03 9.979035161595328773e-01
0.000000000000000000e+00 0.000000000000000000e+00 0.000000000000000000e+00 4.185775003316847688e+03 9.980122120181282863e-01
0.000000000000000000e+00 0.000000000000000000e+00 0.000000000000000000e+00 4.201690497626036631e+03 9.981159202521698859e-01
0.000000000000000000e+00 0.000000000000000000e+00 0.000000000000000000e+00 4.217605991935226484e+03 9.982148330215415699e-01
0.000000000000000000e+00 0.000000000000000000e+00 0.000000000000000000e+00 4.233521486244416337e+03 9.983091370608782045e-01
0.000000000000000000e+00 0.000000000000000000e+00 0.000000000000000000e+00 4.249436980553605281e+03 9.983990137276166354e-01
0.000000000000000000e+00 0.000000000000000000e+00 0.000000000000000000e+00 4.265352474862795134e+03 9.984846390560007112e-01
0.000000000000000000e+00 0.000000000000000000e+00 0.000000000000000000e+00 4.281267969171984987e+03 9.985661838166151050e-01
0.000000000000000000e+00 0.000000000000000000e+00 0.000000000000000000e+00 4.297183463481173931e+03 9.986438135810302708e-01
0.000000000000000000e+00 0.000000000000000000e+00 0.000000000000000000e+00 4.313098957790363784e+03 9.987176887911557444e-01
0.000000000000000000e+00 0.000000000000000000e+00 0.000000000000000000e+00 4.329014452099553637e+03 9.987879648329109905e-01
0.000000000000000000e+00 0.000000000000000000e+00 0.000000000000000000e+00 4.344929946408742580e+03 9.988547921138332120e-01
0.000000000000000000e+00 0.000000000000000000e+00 0.000000000000000000e+00 4.360845440717932433e+03 9.989183161442607428e-01
0.000000000000000000e+00 0.000000000000000000e+00 0.000000000000000000e+00 4.376760935027122287e+03 9.989786776217338682e-01
0.000000000000000000e+00 0.000000000000000000e+00 0.000000000000000000e+00 4.392676429336311230e+03 9.990360125182787820e-01
0.000000000000000000e+00 0.000000000000000000e+00 0.000000000000000000e+00 4.408591923645501083e+03 9.990904521702455021e-01
0.000000000000000000e+00 0.000000000000000000e+00 0.000000000000000000e+00 4.424507417954690936e+03 9.991421233703878801e-01
0.000000000000000000e+00 0.000000000000000000e+00 0.000000000000000000e+00 4.440422912263879880e+03 9.991911484618871686e-01
0.000000000000000000e+00 0.000000000000000000e+00 0.000000000000000000e+00 4.456338406573069733e+03 9.992376454340310410e-01
0.000000000000000000e+00 0.000000000000000000e+00 0.000000000000000000e+00 4.472253900882258677e+03 9.992817280192757279e-01
0.000000000000000000e+00 0.000000000000000000e+00 0.000000000000000000e+00 4.488169395191448530e+03 9.993235057914320318e-01
0.000000000000000000e+00 0.000000000000000000e+00 0.000000000000000000e+00 4.504084889500638383e+03 9.993630842647260870e-01
0.000000000000000000e+00 0.000000000000000000e+00 0.000000000000000000e+00 4.520000383809827326e+03 9.994005649935019386e-01
0.000000000000000000e+00 0.000000000000000000e+00 0.000000000000000000e+00 4.535915878119017179e+03 9.994360456723430097e-01
0.000000000000000000e+00 0.000000000000000000e+00 0.000000000000000000e+00 4.551831372428207032e+03 9.994696202364021786e-01
0.000000000000000000e+00 0.000000000000000000e+00 0.000000000000000000e+00 4.567746866737395976e+03 9.995013789617440692e-01
0.000000000000000000e+00 0.000000000000000000e+00 0.000000000000000000e+00 4.583662361046585829e+03 9.995314085655124803e-01
0.000000000000000000e+00 0.000000000000000000e+00 0.000000000000000000e+00 4.599577855355775682e+03 9.995597923057485401e-01
0.000000000000000000e+00 0.000000000000000000e+00 0.000000000000000000e+00 4.615493349664964626e+03 9.995866100806966026e-01
0.000000000000000000e+00 0.000000000000000000e+00 0.000000000000000000e+00 4.631408843974154479e+03 9.996119385274453428e-01
0.000000000000000000e+00 0.000000000000000000e+00 0.000000000000000000e+00 4.647324338283344332e+03 9.996358511197628305e-01
0.000000000000000000e+00 0.000000000000000000e+00 0.000000000000000000e+00 4.663239832592533276e+03 9.996584182649927985e-01
0.000000000000000000e+00 0.000000000000000000e+00 0.000000000000000000e+00 4.679155326901723129e+03 9.996797073998927585e-01
0.000000000000000000e+00 0.000000000000000000e+00 0.000000000000000000e+00 4.695070821210912982e+03 9.996997830852992761e-01
0.000000000000000000e+00 0.000000000000000000e+00 0.000000000000000000e+00 4.710986315520101925e+03 9.997187070995212643e-01
0.000000000000000000e+00 0.000000000000000000e+00 0.000000000000000000e+00 4.726901809829291778e+03 9.997365385303647045e-01
0.000000000000000000e+00 0.000000000000000000e+00 0.000000000000000000e+00 4.742817304138481632e+03 9.997533338657057511e-01
0.000000000000000000e+00 0.000000000000000000e+00 0.000000000000000000e+00 4.758732798447670575e+03 9.997691470825345039e-01
0.000000000000000000e+00 0.000000000000000000e+00 0.000000000000000000e+00 4.774648292756860428e+03 9.997840297344020577e-01
0.000000000000000000e+00 0.000000000000000000e+00 0.000000000000000000e+00 4.790563787066049372e+03 9.997980310372083235e-01
0.000000000000000000e+00 0.000000000000000000e+00 0.000000000000000000e+00 4.806479281375239225e+03 9.998111979532772198e-01
0.000000000000000000e+00 0.000000000000000000e+00 0.000000000000000000e+00 4.822394775684429078e+03 9.998235752736739368e-01
0.000000000000000000e+00 0.000000000000000000e+00 0.000000000000000000e+00 4.838310269993618022e+03 9.998352056987211967e-01
0.000000000000000000e+00 0.000000000000000000e+00 0.000000000000000000e+00 4.854225764302807875e+03 9.998461299166829797e-01
0.000000000000000000e+00 0.000000000000000000e+00 0.000000000000000000e+00 4.870141258611997728e+03 9.998563866805871836e-01
0.000000000000000000e+00 0.000000000000000000e+00 0.000000000000000000e+00 4.886056752921186671e+03 9.998660128831635685e-01
0.000000000000000000e+00 0.000000000000000000e+00 0.000000000000000000e+00 4.901972247230376524e+03 9.998750436298823319e-01
0.000000000000000000e+00 0.000000000000000000e+00 0.000000000000000000e+00 4.917887741539566377e+03 9.998835123100788813e-01
0.000000000000000000e+00 0.000000000000000000e+00 0.000000000000000000e+00 4.933803235848755321e+03 9.998914506661600310e-01
0.000000000000000000e+00 0.000000000000000000e+00 0.000000000000000000e+00 4.949718730157945174e+03 9.998988888608865144e-01
0.000000000000000000e+00 0.000000000000000000e+00 0.000000000000000000e+00 4.965634224467135027e+03 9.999058555427353667e-01
0.000000000000000000e+00 0.000000000000000000e+00 0.000000000000000000e+00 4.981549718776323971e+03 9.999123779093465059e-01
0.000000000000000000e+00 0.000000000000000000e+00 0.000000000000000000e+00 4.997465213085513824e+03 9.999184817690616178e-01
0.000000000000000000e+00 0.000000000000000000e+00 0.000000000000000000e+00 5.013380707394703677e+03 9.999241916005698894e-01
0.000000000000000000e+00 0.000000000000000000e+00 0.000000000000000000e+00 5.029296201703892621e+03 9.999295306106746883e-01
0.000000000000000000e+00 0.000000000000000000e+00 0.000000000000000000e+00 5.045211696013082474e+03 9.999345207901986221e-01
0.000000000000000000e+00 0.000000000000000000e+00 0.000000000000000000e+00 5.061127190322272327e+03 9.999391829680503996e-01
0.000000000000000000e+00 0.000000000000000000e+00 0.000000000000000000e+00 5.077042684631461270e+03 9.999435368634753685e-01
0.000000000000000000e+00 0.000000000000000000e+00 0.000000000000000000e+00 5.092958178940651123e+03 9.999476011365154848e-01
0.000000000000000000e+00 0.000000000000000000e+00 0.000000000000000000e+00 5.108873673249840067e+03 9.999513934367066925e-01
0.000000000000000000e+00 0.000000000000000000e+00 0.000000000000000000e+00 5.124789167559029920e+03 9.999549304500436886e-01
0.000000000000000000e+00 0.000000000000000000e+00 0.000000000000000000e+00 5.140704661868219773e+03 9.999582279442424948e-01
0.000000000000000000e+00 0.000000000000000000e+00 0.000000000000000000e+00 5.156620156177408717e+03 9.999613008123331426e-01
0.000000000000000000e+00 0.000000000000000000e+00 0.000000000000000000e+00 5.172535650486598570e+03 9.999641631146185539e-01
0.000000000000000000e+00 0.000000000000000000e+00 0.000000000000000000e+00 5.188451144795788423e+03 9.999668281190304819e-01
0.000000000000000000e+00 0.000000000000000000e+00 0.000000000000000000e+00 5.204366639104977367e+03 9.999693083399237015e-01
0.000000000000000000e+00 0.000000000000000000e+00 0.000000000000000000e+00 5.220282133414167220e+03 9.999716155753400892e-01
0.000000000000000000e+00 0.000000000000000000e+00 0.000000000000000000e+00 5.236197627723357073e+03 9.999737609427838958e-01
0.000000000000000000e+00 0.000000000000000000e+00 0.000000000000000000e+00 5.252113122032546016e+03 9.999757549135434020e-01
0.000000000000000000e+00 0.000000000000000000e+00 0.000000000000000000e+00 5.268028616341735869e+03 9.999776073455997061e-01
0.000000000000000000e+00 0.000000000000000000e+00 0.000000000000000000e+00 5.283944110650925722e+03 9.999793275151589445e-01
0.000000000000000000e+00 0.000000000000000000e+00 0.000000000000000000e+00 5.299859604960114666e+03 9.999809241468491372e-01
0.000000000000000000e+00 0.000000000000000000e+00 0.000000000000000000e+00 5.315775099269304519e+03 9.999824054426185160e-01
0.000000000000000000e+00 0.000000000000000000e+00 0.000000000000000000e+00 5.331690593578494372e+03 9.999837791093746375e-01
0.000000000000000000e+00 0.000000000000000000e+00 0.000000000000000000e+00 5.347606087887683316e+03 9.999850523854059148e-01
0.000000000000000000e+00 0.000000000000000000e+00 0.000000000000000000e+00 5.363521582196873169e+03 9.999862320656187631e-01
0.000000000000000000e+00 0.000000000000000000e+00 0.000000000000000000e+00 5.379437076506062112e+03 9.999873245256341026e-01
0.000000000000000000e+00 0.000000000000000000e+00 0.000000000000000000e+00 5.395352570815251966e+03 9.999883357447779675e-01
0.000000000000000000e+00 0.000000000000000000e+00 0.000000000000000000e+00 5.411268065124441819e+03 9.999892713280048584e-01
0.000000000000000000e+00 0.000000000000000000e+00 0.000000000000000000e+00 5.427183559433630762e+03 9.999901365267912512e-01
0.000000000000000000e+00 0.000000000000000000e+00 0.000000000000000000e+00 5.443099053742820615e+03 9.999909362590354567e-01
0.000000000000000000e+00 0.000000000000000000e+00 0.000000000000000000e+00 5.459014548052010468e+03 9.999916751280003568e-01
0.000000000000000000e+00 0.000000000000000000e+00 0.000000000000000000e+00 5.474930042361199412e+03 9.999923574403337678e-01
0.000000000000000000e+00 0.000000000000000000e+00 0.000000000000000000e+00 5.490845536670389265e+03 9.999929872232024008e-01
0.000000000000000000e+00 0.000000000000000000e+00 0.000000000000000000e+00 5.506761030979579118e+03 9.999935682405723947e-01
0.000000000000000000e+00 0.000000000000000000e+00 0.000000000000000000e+00 5.522676525288768062e+03 9.999941040086709476e-01
0.000000000000000000e+00 0.000000000000000000e+00 0.000000000000000000e+00 5.538592019597957915e+03 9.999945978106610234e-01
0.000000000000000000e+00 0.000000000000000000e+00 0.000000000000000000e+00 5.554507513907147768e+03 9.999950527105612164e-01
0.000000000000000000e+00 0.000000000000000000e+00 0.000000000000000000e+00 5.570423008216336711e+03 9.999954715664425287e-01
0.000000000000000000e+00 0.000000000000000000e+00 0.000000000000000000e+00 5.586338502525526565e+03 9.999958570429314797e-01
0.000000000000000000e+00 0.000000000000000000e+00 0.000000000000000000e+00 5.602253996834716418e+03 9.999962116230497466e-01
0.000000000000000000e+00 0.000000000000000000e+00 0.000000000000000000e+00 5.618169491143905361e+03 9.999965376194196454e-01
0.000000000000000000e+00 0.000000000000000000e+00 0.000000000000000000e+00 5.634084985453095214e+03 9.999968371848618753e-01
0.000000000000000000e+00 0.000000000000000000e+00 0.000000000000000000e+00 5.650000479762285067e+03 9.999971123224137282e-01
0.000000000000000000e+00 0.000000000000000000e+00 0.000000000000000000e+00 5.665915974071474011e+03 9.999973648947941829e-01
0.000000000000000000e+00 0.000000000000000000e+00 0.000000000000000000e+00 5.681831468380663864e+03 9.999975966333400912e-01
0.000000000000000000e+00 0.000000000000000000e+00 0.000000000000000000e+00 5.697746962689852808e+03 9.999978091464406527e-01
0.000000000000000000e+00 0.000000000000000000e+00 0.000000000000000000e+00 5.713662456999042661e+03 9.999980039274893873e-01
0.000000000000000000e+00 0.000000000000000000e+00 0.000000000000000000e+00 5.729577951308232514e+03 9.999981823623822486e-01
0.000000000000000000e+00 0.000000000000000000e+00 0.000000000000000000e+00 5.745493445617421457e+03 9.999983457365797523e-01
0.000000000000000000e+00 0.000000000000000000e+00 0.000000000000000000e+00 5.761408939926611311e+03 9.999984952417553252e-01
0.000000000000000000e+00 0.000000000000000000e+00 0.000000000000000000e+00 5.777324434235801164e+03 9.999986319820530767e-01
0.000000000000000000e+00 0.000000000000000000e+00 0.000000000000000000e+00 5.793239928544990107e+03 9.999987569799706488e-01
0.000000000000000000e+00 0.000000000000000000e+00 0.000000000000000000e+00 5.809155422854179960e+03 9.999988711818890152e-01
0.000000000000000000e+00 0.000000000000000000e+00 0.000000000000000000e+00 5.825070917163369813e+03 9.999989754632672145e-01
0.000000000000000000e+00 0.000000000000000000e+00 0.000000000000000000e+00 5.840986411472558757e+03 9.999990706335180057e-01
0.000000000000000000e+00 0.000000000000000000e+00 0.000000000000000000e+00 5.856901905781748610e+03 9.999991574405835415e-01
0.000000000000000000e+00 0.000000000000000000e+00 0.000000000000000000e+00 5.872817400090938463e+03 9.999992365752250478e-01
0.000000000000000000e+00 0.000000000000000000e+00 0.000000000000000000e+00 5.888732894400127407e+03 9.999993086750424975e-01
0.000000000000000000e+00 0.000000000000000000e+00 0.000000000000000000e+00 5.904648388709317260e+03 9.999993743282409309e-01
0.000000000000000000e+00 0.000000000000000000e+00 0.000000000000000000e+00 5.920563883018507113e+03 9.999994340771538592e-01
0.000000000000000000e+00 0.000000000000000000e+00 0.000000000000000000e+00 5.936479377327696056e+03 9.999994884215414048e-01
0.000000000000000000e+00 0.000000000000000000e+00 0.000000000000000000e+00 5.952394871636885910e+03 9.999995378216717246e-01
0.000000000000000000e+00 0.000000000000000000e+00 0.000000000000000000e+00 5.968310365946075763e+03 9.999995827012021499e-01
0.000000000000000000e+00 0.000000000000000000e+00 0.000000000000000000e+00 5.984225860255264706e+03 9.999996234498684800e-01
