# Tone frequency (Hz)	Measured Fidelity	Simulated Fidelity	Frequency (Hz)	Analytic Fidelity
0.000000000000000000e+00 9.868808099999999348e-03 0.000000000000000000e+00 1.591549430918953456e-01 9.999999294576025211e-01
1.000000000000000000e+02 4.027625199999999850e-02 2.921649927847550995e-02 1.591549430918953334e+01 9.992953203450801736e-01
2.000000000000000000e+02 1.169242100000000006e-01 1.071221578138041031e-01 3.183098861837906668e+01 9.971901843080686056e-01
3.000000000000000000e+02 2.252469699999999908e-01 2.100380647839200920e-01 4.774648292756860002e+01 9.937110786628682302e-01
4.000000000000000000e+02 3.258041400000000198e-01 3.124053295865638069e-01 6.366197723675813336e+01 9.889014169039398450e-01
5.000000000000000000e+02 4.107295300000000093e-01 3.964435490420543107e-01 7.957747154594767380e+01 9.828204732010158429e-01
6.000000000000000000e+02 4.586953200000000175e-01 4.546208302821757030e-01 9.549296585513720004e+01 9.755419494318984253e-01
7.000000000000000000e+02 4.825795600000000185e-01 4.865362974422605125e-01 1.114084601643267405e+02 9.671522307306883448e-01
8.000000000000000000e+02 5.016058700000000092e-01 4.944849353793073776e-01 1.273239544735162667e+02 9.577483953750982604e-01
9.000000000000000000e+02 4.844657199999999886e-01 4.805565981831947941e-01 1.432394487827058072e+02 9.474360517014637217e-01
1.000000000000000000e+03 4.451078800000000113e-01 4.461743313548727774e-01 1.591549430918953476e+02 9.363270778609709133e-01
1.100000000000000000e+03 4.073857100000000120e-01 3.932399858030123929e-01 1.750704374010848881e+02 9.245373396496119334e-01
1.200000000000000000e+03 3.359822000000000086e-01 3.257953729015186095e-01 1.909859317102744001e+02 9.121844576265556448e-01
1.300000000000000000e+03 2.568370999999999849e-01 2.507476659020734244e-01 2.069014260194639405e+02 8.993856877488219936e-01
1.400000000000000000e+03 3.711027199999999970e-01 1.768845441258012074e-01 2.228169203286534810e+02 8.862559704112031866e-01
1.500000000000000000e+03 1.181231400000000015e-01 1.125327132785737955e-01 2.387324146378430214e+02 8.729061917976241869e-01
1.600000000000000000e+03 7.471640400000000015e-02 6.312348892688393609e-02 2.546479089470325334e+02 8.594416895640215603e-01
1.700000000000000000e+03 4.126901200000000075e-02 3.006680224283354852e-02 2.705634032562221023e+02 8.459610228003998644e-01
1.800000000000000000e+03 1.780059599999999839e-02 1.126701225642317943e-02 2.864788975654116143e+02 8.325550146073650293e-01
1.900000000000000000e+03 1.216300199999999915e-02 2.710086196830904879e-03 3.023943918746011263e+02 8.193060650099845965e-01
2.000000000000000000e+03 8.234236400000000816e-03 1.459501300909137056e-04 3.183098861837906952e+02 8.062877227298639315e-01
2.100000000000000000e+03 5.614879100000000171e-03 2.024920151735234064e-04 3.342253804929802072e+02 7.935644968164660140e-01
2.200000000000000000e+03 6.412341700000000026e-03 8.036414643092582629e-04 3.501408748021697761e+02 7.811918834360767061e-01
2.300000000000000000e+03 8.565924100000000402e-03 1.050872335245089072e-03 3.660563691113592881e+02 7.692165792421905568e-01
2.400000000000000000e+03 8.183250200000000488e-03 8.386200371652688997e-04 3.819718634205488001e+02 7.576768506103566114e-01
2.500000000000000000e+03 6.932050000000000364e-03 4.248021945896136853e-04 3.978873577297383690e+02 7.466030274384887200e-01
2.600000000000000000e+03 7.067834500000000006e-03 9.755662285284501006e-05 4.138028520389278810e+02 7.360180909593495580e-01
2.700000000000000000e+03 8.286397900000000774e-03 1.070281695779228946e-06 4.297183463481174499e+02 7.259383268231716091e-01
2.800000000000000000e+03 1.161791400000000002e-02 1.082631871767740972e-04 4.456338406573069619e+02 7.163740173140467071e-01
2.900000000000000000e+03 8.589101000000000027e-03 2.908980396490748140e-04 4.615493349664964740e+02 7.073301497016120098e-01
3.000000000000000000e+03 8.343960200000000160e-03 4.155455926393838767e-04 4.774648292756860428e+02 6.988071211607732591e-01
3.100000000000000000e+03 9.387983900000000659e-03 4.139657172578878742e-04 4.933803235848755548e+02 6.908014242101152558e-01
3.200000000000000000e+03 7.181711999999999818e-03 3.007014967807395984e-04 5.092958178940650669e+02 6.833063000553630806e-01
3.300000000000000000e+03 2.071316199999999885e-01 1.467220371776029920e-04 5.252113122032545789e+02 6.763123504480823556e-01
3.400000000000000000e+03 9.457901100000000796e-03 3.147044390378088218e-05 5.411268065124442046e+02 6.698081015899070012e-01
3.500000000000000000e+03 7.336763199999999686e-03 1.348019408709603062e-06 5.570423008216337166e+02 6.637805161716258118e-01
3.600000000000000000e+03 7.886775800000000655e-03 5.279562432320465763e-05 5.729577951308232286e+02 6.582154518067412363e-01
3.700000000000000000e+03 7.164846199999999957e-03 1.426432294349773877e-04 5.888732894400127407e+02 6.530980658972354025e-01
3.800000000000000000e+03 8.770705199999999369e-03 2.157472249592017044e-04 6.047887837492022527e+02 6.484131683703813209e-01
3.900000000000000000e+03 9.417827199999999344e-03 2.341365674780873033e-04 6.207042780583918784e+02 6.441455247781474602e-01
4.000000000000000000e+03 6.909127299999999819e-03 1.917356531061401937e-04 6.366197723675813904e+02 6.402801129921826817e-01
4.100000000000000000e+03 7.731677999999999641e-03 1.137257806639888020e-04 6.525352666767709024e+02 6.368023371993311033e-01
4.200000000000000000e+03 1.094376499999999940e-02 3.941201451054149893e-05 6.684507609859604145e+02 6.336982031482667477e-01
4.300000000000000000e+03 7.291891600000000202e-03 1.759681850057831048e-06 6.843662552951499265e+02 6.309544586592570337e-01
4.400000000000000000e+03 8.797394099999999648e-03 1.244191165637205009e-05 7.002817496043395522e+02 6.285587033255558564e-01
4.500000000000000000e+03 8.772972999999999882e-03 5.876580952837601201e-05 7.161972439135290642e+02 6.264994711419519247e-01
4.600000000000000000e+03 1.109600799999999922e-02 1.126699415720595936e-04 7.321127382227185763e+02 6.247662895244932013e-01
4.700000000000000000e+03 1.064044999999999921e-02 1.455435644612479104e-04 7.480282325319080883e+02 6.233497178617446455e-01
4.800000000000000000e+03 6.896575900000000148e-03 1.419827414844426902e-04 7.639437268410976003e+02 6.222413683839048693e-01
4.900000000000000000e+03 7.244464499999999675e-03 1.055209576682752942e-04 7.798592211502872260e+02 6.214339117693975512e-01
5.000000000000000000e+03 9.157715400000000436e-03 5.490636085401120168e-05 7.957747154594767380e+02 6.209210695430935623e-01
5.100000000000000000e+03 8.573908400000000013e-03 1.407113320635892027e-05 8.116902097686662501e+02 6.206975949669004677e-01
5.200000000000000000e+03 8.408991600000000413e-03 4.802378209982410711e-08 8.276057040778557621e+02 6.207592437902185178e-01
5.300000000000000000e+03 6.529077900000000191e-03 1.590583495681461995e-05 8.435211983870452741e+02 6.211027359207728082e-01
5.400000000000000000e+03 9.316084000000000517e-03 5.049806993250945982e-05 8.594366926962348998e+02 6.217257088000058829e-01
5.500000000000000000e+03 6.991096799999999868e-03 8.494177005721790066e-05 8.753521870054244118e+02 6.226266630248276090e-01
5.600000000000000000e+03 1.032357599999999924e-02 1.020751604662529979e-04 8.912676813146139239e+02 6.238049005514311185e-01
5.700000000000000000e+03 9.373048300000000679e-03 9.415579661369317802e-05 9.071831756238034359e+02 6.252604556489791410e-01
5.800000000000000000e+03 6.415861200000000202e-03 6.603124528241675157e-05 9.230986699329929479e+02 6.269940186426088413e-01
5.900000000000000000e+03 9.955168699999999288e-03 3.147289184560517856e-05 9.390141642421825736e+02 6.290068523976851678e-01
6.000000000000000000e+03 7.394048900000000160e-03 6.227086292611664401e-06 9.549296585513720856e+02 6.313007014514413484e-01
6.100000000000000000e+03 6.553872500000000254e-03 6.559397776947851486e-07 9.708451528605615977e+02 6.338776936948670171e-01
6.200000000000000000e+03 9.403262299999999574e-03 1.523001321803400939e-05 9.867606471697511097e+02 6.367402345473502923e-01
6.300000000000000000e+03 7.940263499999999225e-03 4.107547787659462794e-05 1.002676141478940622e+03 6.398908936490826926e-01
6.400000000000000000e+03 5.215694699999999691e-03 6.477962207069689932e-05 1.018591635788130134e+03 6.433322842209713288e-01
6.500000000000000000e+03 5.636700199999999938e-02 7.490737976367201306e-05 1.034507130097319759e+03 6.470669354072134949e-01
6.600000000000000000e+03 8.589278900000000411e-03 6.704620808653803969e-05 1.050422624406509158e+03 6.510971581192385171e-01
6.700000000000000000e+03 6.745723999999999818e-03 4.541929852922424254e-05 1.066338118715698783e+03 6.554249051375711232e-01
6.800000000000000000e+03 7.328484199999999761e-03 2.040824371846581062e-05 1.082253613024888409e+03 6.600516264950054834e-01
6.900000000000000000e+03 1.163746499999999962e-02 3.312030183532738958e-06 1.098169107334077808e+03 6.649781214534387086e-01
7.000000000000000000e+03 7.321395900000000380e-03 1.030499946556732031e-06 1.114084601643267433e+03 6.702043886891664304e-01
7.100000000000000000e+03 9.555318400000000281e-03 1.326018337767182064e-05 1.130000095952456832e+03 6.757294766072086123e-01
7.200000000000000000e+03 1.014596000000000074e-02 3.310549037923952992e-05 1.145915590261646457e+03 6.815513360024649803e-01
7.300000000000000000e+03 7.566054400000000145e-03 5.046199761907678839e-05 1.161831084570836083e+03 6.876666775611224303e-01
7.400000000000000000e+03 9.350118200000000213e-03 5.719503494253056229e-05 1.177746578880025481e+03 6.940708369357200258e-01
7.500000000000000000e+03 7.683584499999999984e-03 5.033304262353009272e-05 1.193662073189215107e+03 7.007576503170884763e-01
7.600000000000000000e+03 7.487671399999999700e-03 3.346073855789869823e-05 1.209577567498404505e+03 7.077193435517882270e-01
7.700000000000000000e+03 6.542196000000000122e-03 1.454663941761595975e-05 1.225493061807594131e+03 7.149464379011581938e-01
7.800000000000000000e+03 9.574098499999999373e-03 2.070086260963998048e-06 1.241408556116783757e+03 7.224276754959566560e-01
7.900000000000000000e+03 6.074905900000000109e-03 1.096062386563152087e-06 1.257324050425973155e+03 7.301499673994842343e-01
8.000000000000000000e+03 8.276857400000000448e-03 1.115995962086474985e-05 1.273239544735162781e+03 7.380983669459773022e-01
8.100000000000000000e+03 7.495776299999999670e-03 2.676252298716898863e-05 1.289155039044352179e+03 7.462560706677743294e-01
8.200000000000000000e+03 7.024221599999999968e-03 4.018811565646976858e-05 1.305070533353541805e+03 7.546044486666462214e-01
8.300000000000000000e+03 1.084626699999999971e-02 4.510909148379297143e-05 1.320986027662731431e+03 7.631231057288574426e-01
8.400000000000000000e+03 9.411264199999999983e-03 3.936274080294822084e-05 1.336901521971920829e+03 7.717899738420865852e-01
8.500000000000000000e+03 9.331764700000000010e-03 2.597066663056504010e-05 1.352817016281110455e+03 7.805814360621438075e-01
8.600000000000000000e+03 7.301445600000000362e-03 1.111149144279947069e-05 1.368732510590299853e+03 7.894724809196178583e-01
8.700000000000000000e+03 1.044916700000000052e-02 1.481820827883615029e-06 1.384648004899489479e+03 7.984368857759280846e-01
8.800000000000000000e+03 6.855649400000000254e-03 9.894733616087154049e-07 1.400563499208679104e+03 8.074474267620528334e-01
8.900000000000000000e+03 1.110724800000000012e-02 9.235896519332809968e-06 1.416478993517868503e+03 8.164761121900775409e-01
9.000000000000000000e+03 6.405956099999999577e-03 2.181985949792067994e-05 1.432394487827058128e+03 8.254944356463327360e-01
9.100000000000000000e+03 1.024385700000000031e-02 3.259083455681044297e-05 1.448309982136247527e+03 8.344736443823851380e-01
9.200000000000000000e+03 8.205884099999999695e-03 3.643956607599073709e-05 1.464225476445437153e+03 8.433850181409030533e-01
9.300000000000000000e+03 8.758840199999999576e-03 3.181662350353135207e-05 1.480140970754626778e+03 8.522001532075005326e-01
9.400000000000000000e+03 3.621872500000000022e-02 2.098057236096169837e-05 1.496056465063816177e+03 8.608912462820543787e-01
9.500000000000000000e+03 8.083818499999999296e-03 8.962333575419641373e-06 1.511971959373005802e+03 8.694313727224980415e-01
9.600000000000000000e+03 5.687161300000000141e-03 1.188969706836528022e-06 1.527887453682195201e+03 8.777947538330186372e-01
9.700000000000000000e+03 1.117143900000000002e-02 8.294401842435752562e-07 1.543802947991384826e+03 8.859570081425830468e-01
9.800000000000000000e+03 8.861660999999999844e-03 7.585991441239953907e-06 1.559718442300574452e+03 8.938953820380373116e-01
9.900000000000000000e+03 9.215152799999999297e-03 1.792726396754562953e-05 1.575633936609763850e+03 9.015889556620735323e-01
0.000000000000000000e+00 0.000000000000000000e+00 0.000000000000000000e+00 1.591549430918953476e+03 9.090188206387483927e-01
0.000000000000000000e+00 0.000000000000000000e+00 0.000000000000000000e+00 1.607464925228142874e+03 9.161682269227426900e-01
0.000000000000000000e+00 0.000000000000000000e+00 0.000000000000000000e+00 1.623380419537332500e+03 9.230226968556045630e-01
0.000000000000000000e+00 0.000000000000000000e+00 0.000000000000000000e+00 1.639295913846522126e+03 9.295701053241803846e-01
0.000000000000000000e+00 0.000000000000000000e+00 0.000000000000000000e+00 1.655211408155711524e+03 9.358007257250173794e-01
0.000000000000000000e+00 0.000000000000000000e+00 0.000000000000000000e+00 1.671126902464901150e+03 9.417072422170513768e-01
0.000000000000000000e+00 0.000000000000000000e+00 0.000000000000000000e+00 1.687042396774090548e+03 9.472847294694453080e-01
0.000000000000000000e+00 0.000000000000000000e+00 0.000000000000000000e+00 1.702957891083280174e+03 9.525306017617205523e-01
0.000000000000000000e+00 0.000000000000000000e+00 0.000000000000000000e+00 1.718873385392469800e+03 9.574445338532779903e-01
0.000000000000000000e+00 0.000000000000000000e+00 0.000000000000000000e+00 1.734788879701659198e+03 9.620283564976781499e-01
0.000000000000000000e+00 0.000000000000000000e+00 0.000000000000000000e+00 1.750704374010848824e+03 9.662859298269788066e-01
0.000000000000000000e+00 0.000000000000000000e+00 0.000000000000000000e+00 1.766619868320038222e+03 9.702229980709946577e-01
0.000000000000000000e+00 0.000000000000000000e+00 0.000000000000000000e+00 1.782535362629227848e+03 9.738470292077470170e-01
0.000000000000000000e+00 0.000000000000000000e+00 0.000000000000000000e+00 1.798450856938417473e+03 9.771670431705623550e-01
0.000000000000000000e+00 0.000000000000000000e+00 0.000000000000000000e+00 1.814366351247606872e+03 9.801934321732491684e-01
0.000000000000000000e+00 0.000000000000000000e+00 0.000000000000000000e+00 1.830281845556796497e+03 9.829377765689258917e-01
0.000000000000000000e+00 0.000000000000000000e+00 0.000000000000000000e+00 1.846197339865985896e+03 9.854126594433285646e-01
0.000000000000000000e+00 0.000000000000000000e+00 0.000000000000000000e+00 1.862112834175175522e+03 9.876314828737078333e-01
0.000000000000000000e+00 0.000000000000000000e+00 0.000000000000000000e+00 1.878028328484365147e+03 9.896082884737740226e-01
0.000000000000000000e+00 0.000000000000000000e+00 0.000000000000000000e+00 1.893943822793554546e+03 9.913575845073114845e-01
0.000000000000000000e+00 0.000000000000000000e+00 0.000000000000000000e+00 1.909859317102744171e+03 9.928941815008985872e-01
0.000000000000000000e+00 0.000000000000000000e+00 0.000000000000000000e+00 1.925774811411933570e+03 9.942330379312538380e-01
0.000000000000000000e+00 0.000000000000000000e+00 0.000000000000000000e+00 1.941690305721123195e+03 9.953891172152078415e-01
0.000000000000000000e+00 0.000000000000000000e+00 0.000000000000000000e+00 1.957605800030312594e+03 9.963772568985844735e-01
0.000000000000000000e+00 0.000000000000000000e+00 0.000000000000000000e+00 1.973521294339502219e+03 9.972120506311121790e-01
0.000000000000000000e+00 0.000000000000000000e+00 0.000000000000000000e+00 1.989436788648691845e+03 9.979077432328231634e-01
0.000000000000000000e+00 0.000000000000000000e+00 0.000000000000000000e+00 2.005352282957881243e+03 9.984781389066577084e-01
0.000000000000000000e+00 0.000000000000000000e+00 0.000000000000000000e+00 2.021267777267070869e+03 9.989365224340011062e-01
0.000000000000000000e+00 0.000000000000000000e+00 0.000000000000000000e+00 2.037183271576260267e+03 9.992955930052754843e-01
0.000000000000000000e+00 0.000000000000000000e+00 0.000000000000000000e+00 2.053098765885450121e+03 9.995674101859024496e-01
0.000000000000000000e+00 0.000000000000000000e+00 0.000000000000000000e+00 2.069014260194639519e+03 9.997633513975615616e-01
0.000000000000000000e+00 0.000000000000000000e+00 0.000000000000000000e+00 2.084929754503828917e+03 9.998940802035305442e-01
0.000000000000000000e+00 0.000000000000000000e+00 0.000000000000000000e+00 2.100845248813018316e+03 9.999695246224040712e-01
0.000000000000000000e+00 0.000000000000000000e+00 0.000000000000000000e+00 2.116760743122208169e+03 9.999988646536868142e-01
0.000000000000000000e+00 0.000000000000000000e+00 0.000000000000000000e+00 2.132676237431397567e+03 9.999905281785504974e-01
0.000000000000000000e+00 0.000000000000000000e+00 0.000000000000000000e+00 2.148591731740586965e+03 9.999521943962697001e-01
0.000000000000000000e+00 0.000000000000000000e+00 0.000000000000000000e+00 2.164507226049776818e+03 9.998908039684826221e-01
0.000000000000000000e+00 0.000000000000000000e+00 0.000000000000000000e+00 2.180422720358966217e+03 9.998125750665310951e-01
0.000000000000000000e+00 0.000000000000000000e+00 0.000000000000000000e+00 2.196338214668155615e+03 9.997230245490927869e-01
0.000000000000000000e+00 0.000000000000000000e+00 0.000000000000000000e+00 2.212253708977345468e+03 9.996269935357059433e-01
0.000000000000000000e+00 0.000000000000000000e+00 0.000000000000000000e+00 2.228169203286534866e+03 9.995286766845385973e-01
0.000000000000000000e+00 0.000000000000000000e+00 0.000000000000000000e+00 2.244084697595724265e+03 9.994316545280674813e-01
0.000000000000000000e+00 0.000000000000000000e+00 0.000000000000000000e+00 2.260000191904913663e+03 9.993389282667406448e-01
0.000000000000000000e+00 0.000000000000000000e+00 0.000000000000000000e+00 2.275915686214103516e+03 9.992529564670113995e-01
0.000000000000000000e+00 0.000000000000000000e+00 0.000000000000000000e+00 2.291831180523292915e+03 9.991756931554394150e-01
0.000000000000000000e+00 0.000000000000000000e+00 0.000000000000000000e+00 2.307746674832482313e+03 9.991086268441997653e-01
0.000000000000000000e+00 0.000000000000000000e+00 0.000000000000000000e+00 2.323662169141672166e+03 9.990528200648569612e-01
0.000000000000000000e+00 0.000000000000000000e+00 0.000000000000000000e+00 2.339577663450861564e+03 9.990089490264243421e-01
0.000000000000000000e+00 0.000000000000000000e+00 0.000000000000000000e+00 2.355493157760050963e+03 9.989773430503934293e-01
0.000000000000000000e+00 0.000000000000000000e+00 0.000000000000000000e+00 2.371408652069240816e+03 9.989580234696532335e-01
0.000000000000000000e+00 0.000000000000000000e+00 0.000000000000000000e+00 2.387324146378430214e+03 9.989507417101051168e-01
0.000000000000000000e+00 0.000000000000000000e+00 0.000000000000000000e+00 2.403239640687619612e+03 9.989550163035267882e-01
0.000000000000000000e+00 0.000000000000000000e+00 0.000000000000000000e+00 2.419155134996809011e+03 9.989701686080736387e-01
0.000000000000000000e+00 0.000000000000000000e+00 0.000000000000000000e+00 2.435070629305998864e+03 9.989953570389780158e-01
0.000000000000000000e+00 0.000000000000000000e+00 0.000000000000000000e+00 2.450986123615188262e+03 9.990296096367727863e-01
0.000000000000000000e+00 0.000000000000000000e+00 0.000000000000000000e+00 2.466901617924377661e+03 9.990718548239732044e-01
0.000000000000000000e+00 0.000000000000000000e+00 0.000000000000000000e+00 2.482817112233567514e+03 9.991209502238140860e-01
0.000000000000000000e+00 0.000000000000000000e+00 0.000000000000000000e+00 2.498732606542756912e+03 9.991757094365412151e-01
0.000000000000000000e+00 0.000000000000000000e+00 0.000000000000000000e+00 2.514648100851946310e+03 9.992349266900368843e-01
0.000000000000000000e+00 0.000000000000000000e+00 0.000000000000000000e+00 2.530563595161136163e+03 9.992973993023310797e-01
0.000000000000000000e+00 0.000000000000000000e+00 0.000000000000000000e+00 2.546479089470325562e+03 9.993619479138436956e-01
0.000000000000000000e+00 0.000000000000000000e+00 0.000000000000000000e+00 2.562394583779514960e+03 9.994274344670452948e-01
0.000000000000000000e+00 0.000000000000000000e+00 0.000000000000000000e+00 2.578310078088704358e+03 9.994927779305767812e-01
0.000000000000000000e+00 0.000000000000000000e+00 0.000000000000000000e+00 2.594225572397894211e+03 9.995569677836632083e-01
0.000000000000000000e+00 0.000000000000000000e+00 0.000000000000000000e+00 2.610141066707083610e+03 9.996190752947926583e-01
0.000000000000000000e+00 0.000000000000000000e+00 0.000000000000000000e+00 2.626056561016273008e+03 9.996782626459956855e-01
0.000000000000000000e+00 0.000000000000000000e+00 0.000000000000000000e+00 2.641972055325462861e+03 9.997337899705061037e-01
0.000000000000000000e+00 0.000000000000000000e+00 0.000000000000000000e+00 2.657887549634652260e+03 9.997850203869687036e-01
0.000000000000000000e+00 0.000000000000000000e+00 0.000000000000000000e+00 2.673803043943841658e+03 9.998314231275376995e-01
0.000000000000000000e+00 0.000000000000000000e+00 0.000000000000000000e+00 2.689718538253031056e+03 9.998725748700425520e-01
0.000000000000000000e+00 0.000000000000000000e+00 0.000000000000000000e+00 2.705634032562220909e+03 9.999081593957400704e-01
0.000000000000000000e+00 0.000000000000000000e+00 0.000000000000000000e+00 2.721549526871410308e+03 9.999379657039404456e-01
0.000000000000000000e+00 0.000000000000000000e+00 0.000000000000000000e+00 2.737465021180599706e+03 9.999618847228702867e-01
0.000000000000000000e+00 0.000000000000000000e+00 0.000000000000000000e+00 2.753380515489789559e+03 9.999799047624724491e-01
0.000000000000000000e+00 0.000000000000000000e+00 0.000000000000000000e+00 2.769296009798978957e+03 9.999921058593983503e-01
0.000000000000000000e+00 0.000000000000000000e+00 0.000000000000000000e+00 2.785211504108168356e+03 9.999986531672075962e-01
0.000000000000000000e+00 0.000000000000000000e+00 0.000000000000000000e+00 2.801126998417358209e+03 9.999997895457894970e-01
0.000000000000000000e+00 0.000000000000000000e+00 0.000000000000000000e+00 2.817042492726547607e+03 9.999958275032847510e-01
0.000000000000000000e+00 0.000000000000000000e+00 0.000000000000000000e+00 2.832957987035737005e+03 9.999871406414099217e-01
0.000000000000000000e+00 0.000000000000000000e+00 0.000000000000000000e+00 2.848873481344926404e+03 9.999741547511580286e-01
0.000000000000000000e+00 0.000000000000000000e+00 0.000000000000000000e+00 2.864788975654116257e+03 9.999573387004776492e-01
0.000000000000000000e+00 0.000000000000000000e+00 0.000000000000000000e+00 2.880704469963305655e+03 9.999371952488704807e-01
0.000000000000000000e+00 0.000000000000000000e+00 0.000000000000000000e+00 2.896619964272495054e+03 9.999142519160235665e-01
0.000000000000000000e+00 0.000000000000000000e+00 0.000000000000000000e+00 2.912535458581684907e+03 9.998890520227787793e-01
0.000000000000000000e+00 0.000000000000000000e+00 0.000000000000000000e+00 2.928450952890874305e+03 9.998621460130865390e-01
0.000000000000000000e+00 0.000000000000000000e+00 0.000000000000000000e+00 2.944366447200063703e+03 9.998340831552737784e-01
0.000000000000000000e+00 0.000000000000000000e+00 0.000000000000000000e+00 2.960281941509253556e+03 9.998054037101268277e-01
0.000000000000000000e+00 0.000000000000000000e+00 0.000000000000000000e+00 2.976197435818442955e+03 9.997766316421182742e-01
0.000000000000000000e+00 0.000000000000000000e+00 0.000000000000000000e+00 2.992112930127632353e+03 9.997482679387370563e-01
0.000000000000000000e+00 0.000000000000000000e+00 0.000000000000000000e+00 3.008028424436821751e+03 9.997207845914669599e-01
0.000000000000000000e+00 0.000000000000000000e+00 0.000000000000000000e+00 3.023943918746011605e+03 9.996946192806260845e-01
0.000000000000000000e+00 0.000000000000000000e+00 0.000000000000000000e+00 3.039859413055201003e+03 9.996701707951551885e-01
0.000000000000000000e+00 0.000000000000000000e+00 0.000000000000000000e+00 3.055774907364390401e+03 9.996477952076371354e-01
0.000000000000000000e+00 0.000000000000000000e+00 0.000000000000000000e+00 3.071690401673580254e+03 9.996278028144411909e-01
0.000000000000000000e+00 0.000000000000000000e+00 0.000000000000000000e+00 3.087605895982769653e+03 9.996104558409952823e-01
0.000000000000000000e+00 0.000000000000000000e+00 0.000000000000000000e+00 3.103521390291959051e+03 9.995959669028822159e-01
0.000000000000000000e+00 0.000000000000000000e+00 0.000000000000000000e+00 3.119436884601148904e+03 9.995844982047767946e-01
0.000000000000000000e+00 0.000000000000000000e+00 0.000000000000000000e+00 3.135352378910338302e+03 9.995761614512548299e-01
0.000000000000000000e+00 0.000000000000000000e+00 0.000000000000000000e+00 3.151267873219527701e+03 9.995710184362498474e-01
0.000000000000000000e+00 0.000000000000000000e+00 0.000000000000000000e+00 3.167183367528717099e+03 9.995690822714271562e-01
0.000000000000000000e+00 0.000000000000000000e+00 0.000000000000000000e+00 3.183098861837906952e+03 9.995703192080288568e-01
0.000000000000000000e+00 0.000000000000000000e+00 0.000000000000000000e+00 3.199014356147096350e+03 9.995746510018184150e-01
0.000000000000000000e+00 0.000000000000000000e+00 0.000000000000000000e+00 3.214929850456285749e+03 9.995819577666227307e-01
0.000000000000000000e+00 0.000000000000000000e+00 0.000000000000000000e+00 3.230845344765475602e+03 9.995920812586504001e-01
0.000000000000000000e+00 0.000000000000000000e+00 0.000000000000000000e+00 3.246760839074665000e+03 9.996048285312311155e-01
0.000000000000000000e+00 0.000000000000000000e+00 0.000000000000000000e+00 3.262676333383854399e+03 9.996199758978703276e-01
0.000000000000000000e+00 0.000000000000000000e+00 0.000000000000000000e+00 3.278591827693044252e+03 9.996372731405311907e-01
0.000000000000000000e+00 0.000000000000000000e+00 0.000000000000000000e+00 3.294507322002233650e+03 9.996564478998104519e-01
0.000000000000000000e+00 0.000000000000000000e+00 0.000000000000000000e+00 3.310422816311423048e+03 9.996772101841482350e-01
0.000000000000000000e+00 0.000000000000000000e+00 0.000000000000000000e+00 3.326338310620612447e+03 9.996992569363656322e-01
0.000000000000000000e+00 0.000000000000000000e+00 0.000000000000000000e+00 3.342253804929802300e+03 9.997222765976252479e-01
0.000000000000000000e+00 0.000000000000000000e+00 0.000000000000000000e+00 3.358169299238991698e+03 9.997459536113173506e-01
0.000000000000000000e+00 0.000000000000000000e+00 0.000000000000000000e+00 3.374084793548181096e+03 9.997699728123419227e-01
0.000000000000000000e+00 0.000000000000000000e+00 0.000000000000000000e+00 3.390000287857370949e+03 9.997940236507366629e-01
0.000000000000000000e+00 0.000000000000000000e+00 0.000000000000000000e+00 3.405915782166560348e+03 9.998178042025389622e-01
0.000000000000000000e+00 0.000000000000000000e+00 0.000000000000000000e+00 3.421831276475749746e+03 9.998410249251161730e-01
0.000000000000000000e+00 0.000000000000000000e+00 0.000000000000000000e+00 3.437746770784939599e+03 9.998634121188783030e-01
0.000000000000000000e+00 0.000000000000000000e+00 0.000000000000000000e+00 3.453662265094128998e+03 9.998847110622639534e-01
0.000000000000000000e+00 0.000000000000000000e+00 0.000000000000000000e+00 3.469577759403318396e+03 9.999046887920718385e-01
0.000000000000000000e+00 0.000000000000000000e+00 0.000000000000000000e+00 3.485493253712507794e+03 9.999231365065543997e-01
0.000000000000000000e+00 0.000000000000000000e+00 0.000000000000000000e+00 3.501408748021697647e+03 9.999398715741226740e-01
0.000000000000000000e+00 0.000000000000000000e+00 0.000000000000000000e+00 3.517324242330887046e+03 9.999547391359608906e-01
0.000000000000000000e+00 0.000000000000000000e+00 0.000000000000000000e+00 3.533239736640076444e+03 9.999676132962620478e-01
0.000000000000000000e+00 0.000000000000000000e+00 0.000000000000000000e+00 3.549155230949266297e+03 9.999783978991063638e-01
0.000000000000000000e+00 0.000000000000000000e+00 0.000000000000000000e+00 3.565070725258455695e+03 9.999870268961402742e-01
0.000000000000000000e+00 0.000000000000000000e+00 0.000000000000000000e+00 3.580986219567645094e+03 9.999934643141421553e-01
0.000000000000000000e+00 0.000000000000000000e+00 0.000000000000000000e+00 3.596901713876834947e+03 9.999977038362017900e-01
0.000000000000000000e+00 0.000000000000000000e+00 0.000000000000000000e+00 3.612817208186024345e+03 9.999997680145662482e-01
0.000000000000000000e+00 0.000000000000000000e+00 0.000000000000000000e+00 3.628732702495213744e+03 9.999997071371624635e-01
0.000000000000000000e+00 0.000000000000000000e+00 0.000000000000000000e+00 3.644648196804403142e+03 9.999975977733650545e-01
0.000000000000000000e+00 0.000000000000000000e+00 0.000000000000000000e+00 3.660563691113592995e+03 9.999935410276931114e-01
0.000000000000000000e+00 0.000000000000000000e+00 0.000000000000000000e+00 3.676479185422782393e+03 9.999876605327933099e-01
0.000000000000000000e+00 0.000000000000000000e+00 0.000000000000000000e+00 3.692394679731971792e+03 9.999801002152491902e-01
0.000000000000000000e+00 0.000000000000000000e+00 0.000000000000000000e+00 3.708310174041161645e+03 9.999710218694624064e-01
0.000000000000000000e+00 0.000000000000000000e+00 0.000000000000000000e+00 3.724225668350351043e+03 9.999606025760678918e-01
0.000000000000000000e+00 0.000000000000000000e+00 0.000000000000000000e+00 3.740141162659540441e+03 9.999490320020640866e-01
0.000000000000000000e+00 0.000000000000000000e+00 0.000000000000000000e+00 3.756056656968730294e+03 9.999365096200929504e-01
0.000000000000000000e+00 0.000000000000000000e+00 0.000000000000000000e+00 3.771972151277919693e+03 9.999232418840804382e-01
0.000000000000000000e+00 0.000000000000000000e+00 0.000000000000000000e+00 3.787887645587109091e+03 9.999094393977865369e-01
0.000000000000000000e+00 0.000000000000000000e+00 0.000000000000000000e+00 3.803803139896298489e+03 9.998953141117250532e-01
0.000000000000000000e+00 0.000000000000000000e+00 0.000000000000000000e+00 3.819718634205488343e+03 9.998810765824436286e-01
0.000000000000000000e+00 0.000000000000000000e+00 0.000000000000000000e+00 3.835634128514677741e+03 9.998669333263036085e-01
0.000000000000000000e+00 0.000000000000000000e+00 0.000000000000000000e+00 3.851549622823867139e+03 9.998530842977513267e-01
0.000000000000000000e+00 0.000000000000000000e+00 0.000000000000000000e+00 3.867465117133056992e+03 9.998397205196102311e-01
0.000000000000000000e+00 0.000000000000000000e+00 0.000000000000000000e+00 3.883380611442246391e+03 9.998270218902360895e-01
0.000000000000000000e+00 0.000000000000000000e+00 0.000000000000000000e+00 3.899296105751435789e+03 9.998151551894658429e-01
0.000000000000000000e+00 0.000000000000000000e+00 0.000000000000000000e+00 3.915211600060625187e+03 9.998042723022293465e-01
0.000000000000000000e+00 0.000000000000000000e+00 0.000000000000000000e+00 3.931127094369815040e+03 9.997945086754940203e-01
0.000000000000000000e+00 0.000000000000000000e+00 0.000000000000000000e+00 3.947042588679004439e+03 9.997859820209434867e-01
0.000000000000000000e+00 0.000000000000000000e+00 0.000000000000000000e+00 3.962958082988193837e+03 9.997787912724687143e-01
0.000000000000000000e+00 0.000000000000000000e+00 0.000000000000000000e+00 3.978873577297383690e+03 9.997730158042347215e-01
0.000000000000000000e+00 0.000000000000000000e+00 0.000000000000000000e+00 3.994789071606573089e+03 9.997687149117979732e-01
0.000000000000000000e+00 0.000000000000000000e+00 0.000000000000000000e+00 4.010704565915762487e+03 9.997659275555342839e-01
0.000000000000000000e+00 0.000000000000000000e+00 0.000000000000000000e+00 4.026620060224952340e+03 9.997646723625271958e-01
0.000000000000000000e+00 0.000000000000000000e+00 0.000000000000000000e+00 4.042535554534141738e+03 9.997649478800921807e-01
0.000000000000000000e+00 0.000000000000000000e+00 0.000000000000000000e+00 4.058451048843331137e+03 9.997667330712979306e-01
0.000000000000000000e+00 0.000000000000000000e+00 0.000000000000000000e+00 4.074366543152520535e+03 9.997699880402279859e-01
0.000000000000000000e+00 0.000000000000000000e+00 0.000000000000000000e+00 4.090282037461710388e+03 9.997746549723180998e-01
0.000000000000000000e+00 0.000000000000000000e+00 0.000000000000000000e+00 4.106197531770900241e+03 9.997806592729309161e-01
0.000000000000000000e+00 0.000000000000000000e+00 0.000000000000000000e+00 4.122113026080089185e+03 9.997879108854133001e-01
0.000000000000000000e+00 0.000000000000000000e+00 0.000000000000000000e+00 4.138028520389279038e+03 9.997963057682210941e-01
0.000000000000000000e+00 0.000000000000000000e+00 0.000000000000000000e+00 4.153944014698467981e+03 9.998057275093243934e-01
0.000000000000000000e+00 0.000000000000000000e+00 0.000000000000000000e+00 4.169859509007657834e+03 9.998160490550179746e-01
0.000000000000000000e+00 0.000000000000000000e+00 0.000000000000000000e+00 4.185775003316847688e+03 9.998271345294542645e-01
0.000000000000000000e+00 0.000000000000000000e+00 0.000000000000000000e+00 4.201690497626036631e+03 9.998388411207214110e-01
0.000000000000000000e+00 0.000000000000000000e+00 0.000000000000000000e+00 4.217605991935226484e+03 9.998510210090698624e-01
0.000000000000000000e+00 0.000000000000000000e+00 0.000000000000000000e+00 4.233521486244416337e+03 9.998635233129649080e-01
0.000000000000000000e+00 0.000000000000000000e+00 0.000000000000000000e+00 4.249436980553605281e+03 9.998761960290064588e-01
0.000000000000000000e+00 0.000000000000000000e+00 0.000000000000000000e+00 4.265352474862795134e+03 9.998888879423770693e-01
0.000000000000000000e+00 0.000000000000000000e+00 0.000000000000000000e+00 4.281267969171984987e+03 9.999014504853718233e-01
0.000000000000000000e+00 0.000000000000000000e+00 0.000000000000000000e+00 4.297183463481173931e+03 9.999137395226903591e-01
0.000000000000000000e+00 0.000000000000000000e+00 0.000000000000000000e+00 4.313098957790363784e+03 9.999256170435292246e-01
0.000000000000000000e+00 0.000000000000000000e+00 0.000000000000000000e+00 4.329014452099553637e+03 9.999369527420698400e-01
0.000000000000000000e+00 0.000000000000000000e+00 0.000000000000000000e+00 4.344929946408742580e+03 9.999476254697050592e-01
0.000000000000000000e+00 0.000000000000000000e+00 0.000000000000000000e+00 4.360845440717932433e+03 9.999575245442480220e-01
0.000000000000000000e+00 0.000000000000000000e+00 0.000000000000000000e+00 4.376760935027122287e+03 9.999665509034043609e-01
0.000000000000000000e+00 0.000000000000000000e+00 0.000000000000000000e+00 4.392676429336311230e+03 9.999746180919346639e-01
0.000000000000000000e+00 0.000000000000000000e+00 0.000000000000000000e+00 4.408591923645501083e+03 9.999816530741559850e-01
0.000000000000000000e+00 0.000000000000000000e+00 0.000000000000000000e+00 4.424507417954690936e+03 9.999875968657083725e-01
0.000000000000000000e+00 0.000000000000000000e+00 0.000000000000000000e+00 4.440422912263879880e+03 9.999924049808148752e-01
0.000000000000000000e+00 0.000000000000000000e+00 0.000000000000000000e+00 4.456338406573069733e+03 9.999960476935534359e-01
0.000000000000000000e+00 0.000000000000000000e+00 0.000000000000000000e+00 4.472253900882258677e+03 9.999985101139297061e-01
0.000000000000000000e+00 0.000000000000000000e+00 0.000000000000000000e+00 4.488169395191448530e+03 9.999997920817416119e-01
0.000000000000000000e+00 0.000000000000000000e+00 0.000000000000000000e+00 4.504084889500638383e+03 9.999999078833511357e-01
0.000000000000000000e+00 0.000000000000000000e+00 0.000000000000000000e+00 4.520000383809827326e+03 9.999988857984929425e-01
0.000000000000000000e+00 0.000000000000000000e+00 0.000000000000000000e+00 4.535915878119017179e+03 9.999967674861385269e-01
0.000000000000000000e+00 0.000000000000000000e+00 0.000000000000000000e+00 4.551831372428207032e+03 9.999936072201682791e-01
0.000000000000000000e+00 0.000000000000000000e+00 0.000000000000000000e+00 4.567746866737395976e+03 9.999894709871777199e-01
0.000000000000000000e+00 0.000000000000000000e+00 0.000000000000000000e+00 4.583662361046585829e+03 9.999844354601284957e-01
0.000000000000000000e+00 0.000000000000000000e+00 0.000000000000000000e+00 4.599577855355775682e+03 9.999785868627546481e-01
0.000000000000000000e+00 0.000000000000000000e+00 0.000000000000000000e+00 4.615493349664964626e+03 9.999720197406177791e-01
0.000000000000000000e+00 0.000000000000000000e+00 0.000000000000000000e+00 4.631408843974154479e+03 9.999648356554873274e-01
0.000000000000000000e+00 0.000000000000000000e+00 0.000000000000000000e+00 4.647324338283344332e+03 9.999571418202813922e-01
0.000000000000000000e+00 0.000000000000000000e+00 0.000000000000000000e+00 4.663239832592533276e+03 9.999490496921505933e-01
0.000000000000000000e+00 0.000000000000000000e+00 0.000000000000000000e+00 4.679155326901723129e+03 9.999406735414113623e-01
0.000000000000000000e+00 0.000000000000000000e+00 0.000000000000000000e+00 4.695070821210912982e+03 9.999321290139566720e-01
0.000000000000000000e+00 0.000000000000000000e+00 0.000000000000000000e+00 4.710986315520101925e+03 9.999235317044714577e-01
0.000000000000000000e+00 0.000000000000000000e+00 0.000000000000000000e+00 4.726901809829291778e+03 9.999149957573028047e-01
0.000000000000000000e+00 0.000000000000000000e+00 0.000000000000000000e+00 4.742817304138481632e+03 9.999066325111427567e-01
0.000000000000000000e+00 0.000000000000000000e+00 0.000000000000000000e+00 4.758732798447670575e+03 9.998985492028434896e-01
0.000000000000000000e+00 0.000000000000000000e+00 0.000000000000000000e+00 4.774648292756860428e+03 9.998908477446606380e-01
0.000000000000000000e+00 0.000000000000000000e+00 0.000000000000000000e+00 4.790563787066049372e+03 9.998836235880659284e-01
0.000000000000000000e+00 0.000000000000000000e+00 0.000000000000000000e+00 4.806479281375239225e+03 9.998769646859833049e-01
0.000000000000000000e+00 0.000000000000000000e+00 0.000000000000000000e+00 4.822394775684429078e+03 9.998709505639019612e-01
0.000000000000000000e+00 0.000000000000000000e+00 0.000000000000000000e+00 4.838310269993618022e+03 9.998656515088328867e-01
0.000000000000000000e+00 0.000000000000000000e+00 0.000000000000000000e+00 4.854225764302807875e+03 9.998611278835097815e-01
0.000000000000000000e+00 0.000000000000000000e+00 0.000000000000000000e+00 4.870141258611997728e+03 9.998574295716218252e-01
0.000000000000000000e+00 0.000000000000000000e+00 0.000000000000000000e+00 4.886056752921186671e+03 9.998545955582134326e-01
0.000000000000000000e+00 0.000000000000000000e+00 0.000000000000000000e+00 4.901972247230376524e+03 9.998526536477253535e-01
0.000000000000000000e+00 0.000000000000000000e+00 0.000000000000000000e+00 4.917887741539566377e+03 9.998516203204891317e-01
0.000000000000000000e+00 0.000000000000000000e+00 0.000000000000000000e+00 4.933803235848755321e+03 9.998515007268538035e-01
0.000000000000000000e+00 0.000000000000000000e+00 0.000000000000000000e+00 4.949718730157945174e+03 9.998522888165292111e-01
0.000000000000000000e+00 0.000000000000000000e+00 0.000000000000000000e+00 4.965634224467135027e+03 9.998539675991937603e-01
0.000000000000000000e+00 0.000000000000000000e+00 0.000000000000000000e+00 4.981549718776323971e+03 9.998565095309543960e-01
0.000000000000000000e+00 0.000000000000000000e+00 0.000000000000000000e+00 4.997465213085513824e+03 9.998598770198765529e-01
0.000000000000000000e+00 0.000000000000000000e+00 0.000000000000000000e+00 5.013380707394703677e+03 9.998640230425293041e-01
0.000000000000000000e+00 0.000000000000000000e+00 0.000000000000000000e+00 5.029296201703892621e+03 9.998688918623444000e-01
0.000000000000000000e+00 0.000000000000000000e+00 0.000000000000000000e+00 5.045211696013082474e+03 9.998744198395574934e-01
0.000000000000000000e+00 0.000000000000000000e+00 0.000000000000000000e+00 5.061127190322272327e+03 9.998805363216102249e-01
0.000000000000000000e+00 0.000000000000000000e+00 0.000000000000000000e+00 5.077042684631461270e+03 9.998871646021461057e-01
0.000000000000000000e+00 0.000000000000000000e+00 0.000000000000000000e+00 5.092958178940651123e+03 9.998942229361342804e-01
0.000000000000000000e+00 0.000000000000000000e+00 0.000000000000000000e+00 5.108873673249840067e+03 9.999016255982127177e-01
0.000000000000000000e+00 0.000000000000000000e+00 0.000000000000000000e+00 5.124789167559029920e+03 9.999092839710530534e-01
0.000000000000000000e+00 0.000000000000000000e+00 0.000000000000000000e+00 5.140704661868219773e+03 9.999171076504200784e-01
0.000000000000000000e+00 0.000000000000000000e+00 0.000000000000000000e+00 5.156620156177408717e+03 9.999250055536250681e-01
0.000000000000000000e+00 0.000000000000000000e+00 0.000000000000000000e+00 5.172535650486598570e+03 9.999328870182491169e-01
0.000000000000000000e+00 0.000000000000000000e+00 0.000000000000000000e+00 5.188451144795788423e+03 9.999406628783433781e-01
0.000000000000000000e+00 0.000000000000000000e+00 0.000000000000000000e+00 5.204366639104977367e+03 9.999482465057836222e-01
0.000000000000000000e+00 0.000000000000000000e+00 0.000000000000000000e+00 5.220282133414167220e+03 9.999555548050620413e-01
0.000000000000000000e+00 0.000000000000000000e+00 0.000000000000000000e+00 5.236197627723357073e+03 9.999625091505375263e-01
0.000000000000000000e+00 0.000000000000000000e+00 0.000000000000000000e+00 5.252113122032546016e+03 9.999690362560094137e-01
0.000000000000000000e+00 0.000000000000000000e+00 0.000000000000000000e+00 5.268028616341735869e+03 9.999750689674415938e-01
0.000000000000000000e+00 0.000000000000000000e+00 0.000000000000000000e+00 5.283944110650925722e+03 9.999805469707058192e-01
0.000000000000000000e+00 0.000000000000000000e+00 0.000000000000000000e+00 5.299859604960114666e+03 9.999854174073414814e-01
0.000000000000000000e+00 0.000000000000000000e+00 0.000000000000000000e+00 5.315775099269304519e+03 9.999896353925201709e-01
0.000000000000000000e+00 0.000000000000000000e+00 0.000000000000000000e+00 5.331690593578494372e+03 9.999931644306403467e-01
0.000000000000000000e+00 0.000000000000000000e+00 0.000000000000000000e+00 5.347606087887683316e+03 9.999959767252547538e-01
0.000000000000000000e+00 0.000000000000000000e+00 0.000000000000000000e+00 5.363521582196873169e+03 9.999980533813236372e-01
0.000000000000000000e+00 0.000000000000000000e+00 0.000000000000000000e+00 5.379437076506062112e+03 9.999993844990844316e-01
0.000000000000000000e+00 0.000000000000000000e+00 0.000000000000000000e+00 5.395352570815251966e+03 9.999999691601122453e-01
0.000000000000000000e+00 0.000000000000000000e+00 0.000000000000000000e+00 5.411268065124441819e+03 9.999998153074005636e-01
0.000000000000000000e+00 0.000000000000000000e+00 0.000000000000000000e+00 5.427183559433630762e+03 9.999989395225122868e-01
0.000000000000000000e+00 0.000000000000000000e+00 0.000000000000000000e+00 5.443099053742820615e+03 9.999973667040047420e-01
0.000000000000000000e+00 0.000000000000000000e+00 0.000000000000000000e+00 5.459014548052010468e+03 9.999951296524307587e-01
0.000000000000000000e+00 0.000000000000000000e+00 0.000000000000000000e+00 5.474930042361199412e+03 9.999922685682267609e-01
0.000000000000000000e+00 0.000000000000000000e+00 0.000000000000000000e+00 5.490845536670389265e+03 9.999888304697251984e-01
0.000000000000000000e+00 0.000000000000000000e+00 0.000000000000000000e+00 5.506761030979579118e+03 9.999848685393462056e-01
0.000000000000000000e+00 0.000000000000000000e+00 0.000000000000000000e+00 5.522676525288768062e+03 9.999804414067432479e-01
0.000000000000000000e+00 0.000000000000000000e+00 0.000000000000000000e+00 5.538592019597957915e+03 9.999756123782752582e-01
0.000000000000000000e+00 0.000000000000000000e+00 0.000000000000000000e+00 5.554507513907147768e+03 9.999704486226597133e-01
0.000000000000000000e+00 0.000000000000000000e+00 0.000000000000000000e+00 5.570423008216336711e+03 9.999650203230203704e-01
0.000000000000000000e+00 0.000000000000000000e+00 0.000000000000000000e+00 5.586338502525526565e+03 9.999593998057744182e-01
0.000000000000000000e+00 0.000000000000000000e+00 0.000000000000000000e+00 5.602253996834716418e+03 9.999536606569130459e-01
0.000000000000000000e+00 0.000000000000000000e+00 0.000000000000000000e+00 5.618169491143905361e+03 9.999478768362131120e-01
0.000000000000000000e+00 0.000000000000000000e+00 0.000000000000000000e+00 5.634084985453095214e+03 9.999421217997757072e-01
0.000000000000000000e+00 0.000000000000000000e+00 0.000000000000000000e+00 5.650000479762285067e+03 9.999364676410332775e-01
0.000000000000000000e+00 0.000000000000000000e+00 0.000000000000000000e+00 5.665915974071474011e+03 9.999309842599910514e-01
0.000000000000000000e+00 0.000000000000000000e+00 0.000000000000000000e+00 5.681831468380663864e+03 9.999257385699975575e-01
0.000000000000000000e+00 0.000000000000000000e+00 0.000000000000000000e+00 5.697746962689852808e+03 9.999207937507533783e-01
0.000000000000000000e+00 0.000000000000000000e+00 0.000000000000000000e+00 5.713662456999042661e+03 9.999162085556045909e-01
0.000000000000000000e+00 0.000000000000000000e+00 0.000000000000000000e+00 5.729577951308232514e+03 9.999120366804109539e-01
0.000000000000000000e+00 0.000000000000000000e+00 0.000000000000000000e+00 5.745493445617421457e+03 9.999083262004606620e-01
0.000000000000000000e+00 0.000000000000000000e+00 0.000000000000000000e+00 5.761408939926611311e+03 9.999051190810144263e-01
0.000000000000000000e+00 0.000000000000000000e+00 0.000000000000000000e+00 5.777324434235801164e+03 9.999024507661293804e-01
0.000000000000000000e+00 0.000000000000000000e+00 0.000000000000000000e+00 5.793239928544990107e+03 9.999003498494380970e-01
0.000000000000000000e+00 0.000000000000000000e+00 0.000000000000000000e+00 5.809155422854179960e+03 9.998988378295569079e-01
0.000000000000000000e+00 0.000000000000000000e+00 0.000000000000000000e+00 5.825070917163369813e+03 9.998979289517820890e-01
0.000000000000000000e+00 0.000000000000000000e+00 0.000000000000000000e+00 5.840986411472558757e+03 9.998976301367101804e-01
0.000000000000000000e+00 0.000000000000000000e+00 0.000000000000000000e+00 5.856901905781748610e+03 9.998979409954078523e-01
0.000000000000000000e+00 0.000000000000000000e+00 0.000000000000000000e+00 5.872817400090938463e+03 9.998988539297632983e-01
0.000000000000000000e+00 0.000000000000000000e+00 0.000000000000000000e+00 5.888732894400127407e+03 9.999003543156852469e-01
0.000000000000000000e+00 0.000000000000000000e+00 0.000000000000000000e+00 5.904648388709317260e+03 9.999024207658967489e-01
0.000000000000000000e+00 0.000000000000000000e+00 0.000000000000000000e+00 5.920563883018507113e+03 9.999050254681940419e-01
0.000000000000000000e+00 0.000000000000000000e+00 0.000000000000000000e+00 5.936479377327696056e+03 9.999081345942293364e-01
0.000000000000000000e+00 0.000000000000000000e+00 0.000000000000000000e+00 5.952394871636885910e+03 9.999117087731307363e-01
0.000000000000000000e+00 0.000000000000000000e+00 0.000000000000000000e+00 5.968310365946075763e+03 9.999157036235994944e-01
0.000000000000000000e+00 0.000000000000000000e+00 0.000000000000000000e+00 5.984225860255264706e+03 9.999200703375398236e-01
0.000000000000000000e+00 0.000000000000000000e+00 0.000000000000000000e+00 6.000141354564454559e+03 9.999247563077677814e-01
0.000000000000000000e+00 0.000000000000000000e+00 0.000000000000000000e+00 6.016056848873643503e+03 9.999297057919444009e-01
0.000000000000000000e+00 0.000000000000000000e+00 0.000000000000000000e+00 6.031972343182833356e+03 9.999348606045543875e-01
0.000000000000000000e+00 0.000000000000000000e+00 0.000000000000000000e+00 6.047887837492023209e+03 9.999401608285420906e-01
0.000000000000000000e+00 0.000000000000000000e+00 0.000000000000000000e+00 6.063803331801212153e+03 9.999455455380912294e-01
0.000000000000000000e+00 0.000000000000000000e+00 0.000000000000000000e+00 6.079718826110402006e+03 9.999509535240239666e-01
0.000000000000000000e+00 0.000000000000000000e+00 0.000000000000000000e+00 6.095634320419591859e+03 9.999563240133628739e-01
0.000000000000000000e+00 0.000000000000000000e+00 0.000000000000000000e+00 6.111549814728780802e+03 9.999615973747861819e-01
0.000000000000000000e+00 0.000000000000000000e+00 0.000000000000000000e+00 6.127465309037970655e+03 9.999667158019645008e-01
0.000000000000000000e+00 0.000000000000000000e+00 0.000000000000000000e+00 6.143380803347160509e+03 9.999716239671311291e-01
0.000000000000000000e+00 0.000000000000000000e+00 0.000000000000000000e+00 6.159296297656349452e+03 9.999762696376734983e-01
0.000000000000000000e+00 0.000000000000000000e+00 0.000000000000000000e+00 6.175211791965539305e+03 9.999806042490543279e-01
0.000000000000000000e+00 0.000000000000000000e+00 0.000000000000000000e+00 6.191127286274729158e+03 9.999845834279603718e-01
0.000000000000000000e+00 0.000000000000000000e+00 0.000000000000000000e+00 6.207042780583918102e+03 9.999881674602247861e-01
0.000000000000000000e+00 0.000000000000000000e+00 0.000000000000000000e+00 6.222958274893107955e+03 9.999913216987820208e-01
0.000000000000000000e+00 0.000000000000000000e+00 0.000000000000000000e+00 6.238873769202297808e+03 9.999940169076630969e-01
0.000000000000000000e+00 0.000000000000000000e+00 0.000000000000000000e+00 6.254789263511486752e+03 9.999962295388304945e-01
0.000000000000000000e+00 0.000000000000000000e+00 0.000000000000000000e+00 6.270704757820676605e+03 9.999979419394706692e-01
0.000000000000000000e+00 0.000000000000000000e+00 0.000000000000000000e+00 6.286620252129866458e+03 9.999991424881959912e-01
0.000000000000000000e+00 0.000000000000000000e+00 0.000000000000000000e+00 6.302535746439055401e+03 9.999998256594488932e-01
0.000000000000000000e+00 0.000000000000000000e+00 0.000000000000000000e+00 6.318451240748245255e+03 9.999999920162467859e-01
0.000000000000000000e+00 0.000000000000000000e+00 0.000000000000000000e+00 6.334366735057434198e+03 9.999996481322264152e-01
0.000000000000000000e+00 0.000000000000000000e+00 0.000000000000000000e+00 6.350282229366624051e+03 9.999988064447610236e-01
0.000000000000000000e+00 0.000000000000000000e+00 0.000000000000000000e+00 6.366197723675813904e+03 9.999974850416936123e-01
0.000000000000000000e+00 0.000000000000000000e+00 0.000000000000000000e+00 6.382113217985002848e+03 9.999957073849701228e-01
0.000000000000000000e+00 0.000000000000000000e+00 0.000000000000000000e+00 6.398028712294192701e+03 9.999935019751442500e-01
0.000000000000000000e+00 0.000000000000000000e+00 0.000000000000000000e+00 6.413944206603382554e+03 9.999909019613600902e-01
0.000000000000000000e+00 0.000000000000000000e+00 0.000000000000000000e+00 6.429859700912571498e+03 9.999879447019921486e-01
0.000000000000000000e+00 0.000000000000000000e+00 0.000000000000000000e+00 6.445775195221761351e+03 9.999846712816293781e-01
0.000000000000000000e+00 0.000000000000000000e+00 0.000000000000000000e+00 6.461690689530951204e+03 9.999811259905220240e-01
0.000000000000000000e+00 0.000000000000000000e+00 0.000000000000000000e+00 6.477606183840140147e+03 9.999773557729682016e-01
0.000000000000000000e+00 0.000000000000000000e+00 0.000000000000000000e+00 6.493521678149330000e+03 9.999734096513956949e-01
0.000000000000000000e+00 0.000000000000000000e+00 0.000000000000000000e+00 6.509437172458519854e+03 9.999693381330903019e-01
0.000000000000000000e+00 0.000000000000000000e+00 0.000000000000000000e+00 6.525352666767708797e+03 9.999651926066370766e-01
0.000000000000000000e+00 0.000000000000000000e+00 0.000000000000000000e+00 6.541268161076898650e+03 9.999610247351704562e-01
0.000000000000000000e+00 0.000000000000000000e+00 0.000000000000000000e+00 6.557183655386088503e+03 9.999568858534806370e-01
0.000000000000000000e+00 0.000000000000000000e+00 0.000000000000000000e+00 6.573099149695277447e+03 9.999528263758885593e-01
0.000000000000000000e+00 0.000000000000000000e+00 0.000000000000000000e+00 6.589014644004467300e+03 9.999488952215997983e-01
0.000000000000000000e+00 0.000000000000000000e+00 0.000000000000000000e+00 6.604930138313656244e+03 9.999451392639555625e-01
0.000000000000000000e+00 0.000000000000000000e+00 0.000000000000000000e+00 6.620845632622846097e+03 9.999416028096543840e-01
0.000000000000000000e+00 0.000000000000000000e+00 0.000000000000000000e+00 6.636761126932035950e+03 9.999383271135948714e-01
0.000000000000000000e+00 0.000000000000000000e+00 0.000000000000000000e+00 6.652676621241224893e+03 9.999353499345149388e-01
0.000000000000000000e+00 0.000000000000000000e+00 0.000000000000000000e+00 6.668592115550414746e+03 9.999327051360704655e-01
0.000000000000000000e+00 0.000000000000000000e+00 0.000000000000000000e+00 6.684507609859604599e+03 9.999304223374234635e-01
0.000000000000000000e+00 0.000000000000000000e+00 0.000000000000000000e+00 6.700423104168793543e+03 9.999285266167883268e-01
0.000000000000000000e+00 0.000000000000000000e+00 0.000000000000000000e+00 6.716338598477983396e+03 9.999270382707423632e-01
0.000000000000000000e+00 0.000000000000000000e+00 0.000000000000000000e+00 6.732254092787173249e+03 9.999259726314300156e-01
0.000000000000000000e+00 0.000000000000000000e+00 0.000000000000000000e+00 6.748169587096362193e+03 9.999253399431086153e-01
0.000000000000000000e+00 0.000000000000000000e+00 0.000000000000000000e+00 6.764085081405552046e+03 9.999251452987799604e-01
0.000000000000000000e+00 0.000000000000000000e+00 0.000000000000000000e+00 6.780000575714741899e+03 9.999253886369614541e-01
0.000000000000000000e+00 0.000000000000000000e+00 0.000000000000000000e+00 6.795916070023930843e+03 9.999260647979604233e-01
0.000000000000000000e+00 0.000000000000000000e+00 0.000000000000000000e+00 6.811831564333120696e+03 9.999271636383398887e-01
0.000000000000000000e+00 0.000000000000000000e+00 0.000000000000000000e+00 6.827747058642310549e+03 9.999286702016156880e-01
0.000000000000000000e+00 0.000000000000000000e+00 0.000000000000000000e+00 6.843662552951499492e+03 9.999305649426035725e-01
0.000000000000000000e+00 0.000000000000000000e+00 0.000000000000000000e+00 6.859578047260689345e+03 9.999328240022478109e-01
0.000000000000000000e+00 0.000000000000000000e+00 0.000000000000000000e+00 6.875493541569879199e+03 9.999354195292242675e-01
0.000000000000000000e+00 0.000000000000000000e+00 0.000000000000000000e+00 6.891409035879068142e+03 9.999383200441127606e-01
0.000000000000000000e+00 0.000000000000000000e+00 0.000000000000000000e+00 6.907324530188257995e+03 9.999414908414974157e-01
0.000000000000000000e+00 0.000000000000000000e+00 0.000000000000000000e+00 6.923240024497446939e+03 9.999448944249652582e-01
0.000000000000000000e+00 0.000000000000000000e+00 0.000000000000000000e+00 6.939155518806636792e+03 9.999484909696554347e-01
0.000000000000000000e+00 0.000000000000000000e+00 0.000000000000000000e+00 6.955071013115826645e+03 9.999522388067512146e-01
0.000000000000000000e+00 0.000000000000000000e+00 0.000000000000000000e+00 6.970986507425015589e+03 9.999560949241168561e-01
0.000000000000000000e+00 0.000000000000000000e+00 0.000000000000000000e+00 6.986902001734205442e+03 9.999600154771570715e-01
0.000000000000000000e+00 0.000000000000000000e+00 0.000000000000000000e+00 7.002817496043395295e+03 9.999639563039249834e-01
0.000000000000000000e+00 0.000000000000000000e+00 0.000000000000000000e+00 7.018732990352584238e+03 9.999678734385142320e-01
0.000000000000000000e+00 0.000000000000000000e+00 0.000000000000000000e+00 7.034648484661774091e+03 9.999717236168582657e-01
0.000000000000000000e+00 0.000000000000000000e+00 0.000000000000000000e+00 7.050563978970963944e+03 9.999754647692047360e-01
0.000000000000000000e+00 0.000000000000000000e+00 0.000000000000000000e+00 7.066479473280152888e+03 9.999790564937449666e-01
0.000000000000000000e+00 0.000000000000000000e+00 0.000000000000000000e+00 7.082394967589342741e+03 9.999824605061555793e-01
0.000000000000000000e+00 0.000000000000000000e+00 0.000000000000000000e+00 7.098310461898532594e+03 9.999856410601353218e-01
0.000000000000000000e+00 0.000000000000000000e+00 0.000000000000000000e+00 7.114225956207721538e+03 9.999885653344048331e-01
0.000000000000000000e+00 0.000000000000000000e+00 0.000000000000000000e+00 7.130141450516911391e+03 9.999912037820721800e-01
0.000000000000000000e+00 0.000000000000000000e+00 0.000000000000000000e+00 7.146056944826101244e+03 9.999935304387341795e-01
0.000000000000000000e+00 0.000000000000000000e+00 0.000000000000000000e+00 7.161972439135290188e+03 9.999955231862001082e-01
0.000000000000000000e+00 0.000000000000000000e+00 0.000000000000000000e+00 7.177887933444480041e+03 9.999971639692631920e-01
0.000000000000000000e+00 0.000000000000000000e+00 0.000000000000000000e+00 7.193803427753669894e+03 9.999984389635098170e-01
0.000000000000000000e+00 0.000000000000000000e+00 0.000000000000000000e+00 7.209718922062858837e+03 9.999993386927403805e-01
0.000000000000000000e+00 0.000000000000000000e+00 0.000000000000000000e+00 7.225634416372048690e+03 9.999998580951691141e-01
0.000000000000000000e+00 0.000000000000000000e+00 0.000000000000000000e+00 7.241549910681237634e+03 9.999999965381632938e-01
0.000000000000000000e+00 0.000000000000000000e+00 0.000000000000000000e+00 7.257465404990427487e+03 9.999997577818799943e-01
0.000000000000000000e+00 0.000000000000000000e+00 0.000000000000000000e+00 7.273380899299617340e+03 9.999991498927374156e-01
0.000000000000000000e+00 0.000000000000000000e+00 0.000000000000000000e+00 7.289296393608806284e+03 9.999981851082244688e-01
0.000000000000000000e+00 0.000000000000000000e+00 0.000000000000000000e+00 7.305211887917996137e+03 9.999968796550982031e-01
0.000000000000000000e+00 0.000000000000000000e+00 0.000000000000000000e+00 7.321127382227185990e+03 9.999952535235263618e-01
0.000000000000000000e+00 0.000000000000000000e+00 0.000000000000000000e+00 7.337042876536374933e+03 9.999933302002164126e-01
0.000000000000000000e+00 0.000000000000000000e+00 0.000000000000000000e+00 7.352958370845564787e+03 9.999911363640094919e-01
0.000000000000000000e+00 0.000000000000000000e+00 0.000000000000000000e+00 7.368873865154754640e+03 9.999887015478092778e-01
0.000000000000000000e+00 0.000000000000000000e+00 0.000000000000000000e+00 7.384789359463943583e+03 9.999860577710667497e-01
0.000000000000000000e+00 0.000000000000000000e+00 0.000000000000000000e+00 7.400704853773133436e+03 9.999832391473302273e-01
0.000000000000000000e+00 0.000000000000000000e+00 0.000000000000000000e+00 7.416620348082323289e+03 9.999802814716132193e-01
0.000000000000000000e+00 0.000000000000000000e+00 0.000000000000000000e+00 7.432535842391512233e+03 9.999772217925109175e-01
0.000000000000000000e+00 0.000000000000000000e+00 0.000000000000000000e+00 7.448451336700702086e+03 9.999740979741241764e-01
0.000000000000000000e+00 0.000000000000000000e+00 0.000000000000000000e+00 7.464366831009891939e+03 9.999709482529084426e-01
0.000000000000000000e+00 0.000000000000000000e+00 0.000000000000000000e+00 7.480282325319080883e+03 9.999678107945767502e-01
0.000000000000000000e+00 0.000000000000000000e+00 0.000000000000000000e+00 7.496197819628270736e+03 9.999647232561286181e-01
0.000000000000000000e+00 0.000000000000000000e+00 0.000000000000000000e+00 7.512113313937460589e+03 9.999617223579664316e-01
0.000000000000000000e+00 0.000000000000000000e+00 0.000000000000000000e+00 7.528028808246649533e+03 9.999588434708970297e-01
0.000000000000000000e+00 0.000000000000000000e+00 0.000000000000000000e+00 7.543944302555839386e+03 9.999561202225965006e-01
0.000000000000000000e+00 0.000000000000000000e+00 0.000000000000000000e+00 7.559859796865028329e+03 9.999535841278459625e-01
0.000000000000000000e+00 0.000000000000000000e+00 0.000000000000000000e+00 7.575775291174218182e+03 9.999512642465344658e-01
0.000000000000000000e+00 0.000000000000000000e+00 0.000000000000000000e+00 7.591690785483408035e+03 9.999491868730663313e-01
0.000000000000000000e+00 0.000000000000000000e+00 0.000000000000000000e+00 7.607606279792596979e+03 9.999473752604155496e-01
0.000000000000000000e+00 0.000000000000000000e+00 0.000000000000000000e+00 7.623521774101786832e+03 9.999458493816453242e-01
0.000000000000000000e+00 0.000000000000000000e+00 0.000000000000000000e+00 7.639437268410976685e+03 9.999446257312527564e-01
0.000000000000000000e+00 0.000000000000000000e+00 0.000000000000000000e+00 7.655352762720165629e+03 9.999437171682242775e-01
0.000000000000000000e+00 0.000000000000000000e+00 0.000000000000000000e+00 7.671268257029355482e+03 9.999431328021937126e-01
0.000000000000000000e+00 0.000000000000000000e+00 0.000000000000000000e+00 7.687183751338545335e+03 9.999428779235902676e-01
0.000000000000000000e+00 0.000000000000000000e+00 0.000000000000000000e+00 7.703099245647734278e+03 9.999429539781539145e-01
0.000000000000000000e+00 0.000000000000000000e+00 0.000000000000000000e+00 7.719014739956924132e+03 9.999433585856900564e-01
0.000000000000000000e+00 0.000000000000000000e+00 0.000000000000000000e+00 7.734930234266113985e+03 9.999440856024304214e-01
0.000000000000000000e+00 0.000000000000000000e+00 0.000000000000000000e+00 7.750845728575302928e+03 9.999451252258784173e-01
0.000000000000000000e+00 0.000000000000000000e+00 0.000000000000000000e+00 7.766761222884492781e+03 9.999464641405447773e-01
0.000000000000000000e+00 0.000000000000000000e+00 0.000000000000000000e+00 7.782676717193682634e+03 9.999480857025303537e-01
0.000000000000000000e+00 0.000000000000000000e+00 0.000000000000000000e+00 7.798592211502871578e+03 9.999499701604883661e-01
0.000000000000000000e+00 0.000000000000000000e+00 0.000000000000000000e+00 7.814507705812061431e+03 9.999520949101089462e-01
0.000000000000000000e+00 0.000000000000000000e+00 0.000000000000000000e+00 7.830423200121250375e+03 9.999544347789145471e-01
0.000000000000000000e+00 0.000000000000000000e+00 0.000000000000000000e+00 7.846338694430440228e+03 9.999569623378388172e-01
0.000000000000000000e+00 0.000000000000000000e+00 0.000000000000000000e+00 7.862254188739630081e+03 9.999596482357893112e-01
0.000000000000000000e+00 0.000000000000000000e+00 0.000000000000000000e+00 7.878169683048819024e+03 9.999624615531693683e-01
0.000000000000000000e+00 0.000000000000000000e+00 0.000000000000000000e+00 7.894085177358008877e+03 9.999653701701518571e-01
0.000000000000000000e+00 0.000000000000000000e+00 0.000000000000000000e+00 7.910000671667198731e+03 9.999683411453721416e-01
0.000000000000000000e+00 0.000000000000000000e+00 0.000000000000000000e+00 7.925916165976387674e+03 9.999713411006242447e-01
0.000000000000000000e+00 0.000000000000000000e+00 0.000000000000000000e+00 7.941831660285577527e+03 9.999743366071179862e-01
0.000000000000000000e+00 0.000000000000000000e+00 0.000000000000000000e+00 7.957747154594767380e+03 9.999772945688758519e-01
0.000000000000000000e+00 0.000000000000000000e+00 0.000000000000000000e+00 7.973662648903956324e+03 9.999801825989196313e-01
0.000000000000000000e+00 0.000000000000000000e+00 0.000000000000000000e+00 7.989578143213146177e+03 9.999829693840202038e-01
0.000000000000000000e+00 0.000000000000000000e+00 0.000000000000000000e+00 8.005493637522336030e+03 9.999856250339473895e-01
0.000000000000000000e+00 0.000000000000000000e+00 0.000000000000000000e+00 8.021409131831524974e+03 9.999881214113750527e-01
0.000000000000000000e+00 0.000000000000000000e+00 0.000000000000000000e+00 8.037324626140714827e+03 9.999904324388448895e-01
0.000000000000000000e+00 0.000000000000000000e+00 0.000000000000000000e+00 8.053240120449904680e+03 9.999925343794895394e-01
0.000000000000000000e+00 0.000000000000000000e+00 0.000000000000000000e+00 8.069155614759093623e+03 9.999944060885445074e-01
0.000000000000000000e+00 0.000000000000000000e+00 0.000000000000000000e+00 8.085071109068283477e+03 9.999960292330329903e-01
0.000000000000000000e+00 0.000000000000000000e+00 0.000000000000000000e+00 8.100986603377473330e+03 9.999973884773980526e-01
0.000000000000000000e+00 0.000000000000000000e+00 0.000000000000000000e+00 8.116902097686662273e+03 9.999984716332638301e-01
0.000000000000000000e+00 0.000000000000000000e+00 0.000000000000000000e+00 8.132817591995852126e+03 9.999992697719289891e-01
0.000000000000000000e+00 0.000000000000000000e+00 0.000000000000000000e+00 8.148733086305041070e+03 9.999997772986383149e-01
0.000000000000000000e+00 0.000000000000000000e+00 0.000000000000000000e+00 8.164648580614230923e+03 9.999999919881179533e-01
0.000000000000000000e+00 0.000000000000000000e+00 0.000000000000000000e+00 8.180564074923420776e+03 9.999999149813088017e-01
0.000000000000000000e+00 0.000000000000000000e+00 0.000000000000000000e+00 8.196479569232609720e+03 9.999995507436747477e-01
0.000000000000000000e+00 0.000000000000000000e+00 0.000000000000000000e+00 8.212395063541800482e+03 9.999989069858967738e-01
0.000000000000000000e+00 0.000000000000000000e+00 0.000000000000000000e+00 8.228310557850989426e+03 9.999979945481871635e-01
0.000000000000000000e+00 0.000000000000000000e+00 0.000000000000000000e+00 8.244226052160178369e+03 9.999968272498604982e-01
0.000000000000000000e+00 0.000000000000000000e+00 0.000000000000000000e+00 8.260141546469369132e+03 9.999954217061790551e-01
0.000000000000000000e+00 0.000000000000000000e+00 0.000000000000000000e+00 8.276057040778558076e+03 9.999937971148487037e-01
0.000000000000000000e+00 0.000000000000000000e+00 0.000000000000000000e+00 8.291972535087747019e+03 9.999919750148615893e-01
0.000000000000000000e+00 0.000000000000000000e+00 0.000000000000000000e+00 8.307888029396935963e+03 9.999899790206769890e-01
0.000000000000000000e+00 0.000000000000000000e+00 0.000000000000000000e+00 8.323803523706126725e+03 9.999878345349838549e-01
0.000000000000000000e+00 0.000000000000000000e+00 0.000000000000000000e+00 8.339719018015315669e+03 9.999855684435040581e-01
0.000000000000000000e+00 0.000000000000000000e+00 0.000000000000000000e+00 8.355634512324504612e+03 9.999832087954700910e-01
0.000000000000000000e+00 0.000000000000000000e+00 0.000000000000000000e+00 8.371550006633695375e+03 9.999807844735414397e-01
0.000000000000000000e+00 0.000000000000000000e+00 0.000000000000000000e+00 8.387465500942884319e+03 9.999783248570089933e-01
0.000000000000000000e+00 0.000000000000000000e+00 0.000000000000000000e+00 8.403380995252073262e+03 9.999758594821834823e-01
0.000000000000000000e+00 0.000000000000000000e+00 0.000000000000000000e+00 8.419296489561264025e+03 9.999734177038560601e-01
0.000000000000000000e+00 0.000000000000000000e+00 0.000000000000000000e+00 8.435211983870452968e+03 9.999710283616775053e-01
0.000000000000000000e+00 0.000000000000000000e+00 0.000000000000000000e+00 8.451127478179641912e+03 9.999687194552098202e-01
0.000000000000000000e+00 0.000000000000000000e+00 0.000000000000000000e+00 8.467042972488832675e+03 9.999665178312744374e-01
0.000000000000000000e+00 0.000000000000000000e+00 0.000000000000000000e+00 8.482958466798021618e+03 9.999644488870484960e-01
0.000000000000000000e+00 0.000000000000000000e+00 0.000000000000000000e+00 8.498873961107210562e+03 9.999625362921524818e-01
0.000000000000000000e+00 0.000000000000000000e+00 0.000000000000000000e+00 8.514789455416401324e+03 9.999608017327302756e-01
0.000000000000000000e+00 0.000000000000000000e+00 0.000000000000000000e+00 8.530704949725590268e+03 9.999592646802426543e-01
0.000000000000000000e+00 0.000000000000000000e+00 0.000000000000000000e+00 8.546620444034779212e+03 9.999579421873976415e-01
0.000000000000000000e+00 0.000000000000000000e+00 0.000000000000000000e+00 8.562535938343969974e+03 9.999568487133083661e-01
0.000000000000000000e+00 0.000000000000000000e+00 0.000000000000000000e+00 8.578451432653158918e+03 9.999559959796191499e-01
0.000000000000000000e+00 0.000000000000000000e+00 0.000000000000000000e+00 8.594366926962347861e+03 9.999553928589798302e-01
0.000000000000000000e+00 0.000000000000000000e+00 0.000000000000000000e+00 8.610282421271538624e+03 9.999550452968639647e-01
0.000000000000000000e+00 0.000000000000000000e+00 0.000000000000000000e+00 8.626197915580727567e+03 9.999549562673443193e-01
0.000000000000000000e+00 0.000000000000000000e+00 0.000000000000000000e+00 8.642113409889916511e+03 9.999551257630483470e-01
0.000000000000000000e+00 0.000000000000000000e+00 0.000000000000000000e+00 8.658028904199107274e+03 9.999555508191249054e-01
0.000000000000000000e+00 0.000000000000000000e+00 0.000000000000000000e+00 8.673944398508296217e+03 9.999562255706744285e-01
0.000000000000000000e+00 0.000000000000000000e+00 0.000000000000000000e+00 8.689859892817485161e+03 9.999571413427161826e-01
0.000000000000000000e+00 0.000000000000000000e+00 0.000000000000000000e+00 8.705775387126675923e+03 9.999582867714047474e-01
0.000000000000000000e+00 0.000000000000000000e+00 0.000000000000000000e+00 8.721690881435864867e+03 9.999596479548709116e-01
0.000000000000000000e+00 0.000000000000000000e+00 0.000000000000000000e+00 8.737606375745053811e+03 9.999612086317304360e-01
0.000000000000000000e+00 0.000000000000000000e+00 0.000000000000000000e+00 8.753521870054244573e+03 9.999629503850151480e-01
0.000000000000000000e+00 0.000000000000000000e+00 0.000000000000000000e+00 8.769437364363433517e+03 9.999648528690050497e-01
0.000000000000000000e+00 0.000000000000000000e+00 0.000000000000000000e+00 8.785352858672622460e+03 9.999668940562040920e-01
0.000000000000000000e+00 0.000000000000000000e+00 0.000000000000000000e+00 8.801268352981813223e+03 9.999690505014954267e-01
0.000000000000000000e+00 0.000000000000000000e+00 0.000000000000000000e+00 8.817183847291002166e+03 9.999712976203398718e-01
0.000000000000000000e+00 0.000000000000000000e+00 0.000000000000000000e+00 8.833099341600191110e+03 9.999736099777474241e-01
0.000000000000000000e+00 0.000000000000000000e+00 0.000000000000000000e+00 8.849014835909381873e+03 9.999759615846575134e-01
0.000000000000000000e+00 0.000000000000000000e+00 0.000000000000000000e+00 8.864930330218570816e+03 9.999783261983010707e-01
0.000000000000000000e+00 0.000000000000000000e+00 0.000000000000000000e+00 8.880845824527759760e+03 9.999806776231046079e-01
0.000000000000000000e+00 0.000000000000000000e+00 0.000000000000000000e+00 8.896761318836950522e+03 9.999829900087158219e-01
0.000000000000000000e+00 0.000000000000000000e+00 0.000000000000000000e+00 8.912676813146139466e+03 9.999852381417835279e-01
0.000000000000000000e+00 0.000000000000000000e+00 0.000000000000000000e+00 8.928592307455328410e+03 9.999873977282344173e-01
0.000000000000000000e+00 0.000000000000000000e+00 0.000000000000000000e+00 8.944507801764517353e+03 9.999894456629061512e-01
0.000000000000000000e+00 0.000000000000000000e+00 0.000000000000000000e+00 8.960423296073708116e+03 9.999913602835797111e-01
0.000000000000000000e+00 0.000000000000000000e+00 0.000000000000000000e+00 8.976338790382897059e+03 9.999931216066408890e-01
0.000000000000000000e+00 0.000000000000000000e+00 0.000000000000000000e+00 8.992254284692086003e+03 9.999947115418399424e-01
0.000000000000000000e+00 0.000000000000000000e+00 0.000000000000000000e+00 9.008169779001276765e+03 9.999961140838689033e-01
0.000000000000000000e+00 0.000000000000000000e+00 0.000000000000000000e+00 9.024085273310465709e+03 9.999973154787610286e-01
0.000000000000000000e+00 0.000000000000000000e+00 0.000000000000000000e+00 9.040000767619654653e+03 9.999983043634147473e-01
0.000000000000000000e+00 0.000000000000000000e+00 0.000000000000000000e+00 9.055916261928845415e+03 9.999990718768658748e-01
0.000000000000000000e+00 0.000000000000000000e+00 0.000000000000000000e+00 9.071831756238034359e+03 9.999996117422598196e-01
0.000000000000000000e+00 0.000000000000000000e+00 0.000000000000000000e+00 9.087747250547223302e+03 9.999999203188194574e-01
0.000000000000000000e+00 0.000000000000000000e+00 0.000000000000000000e+00 9.103662744856414065e+03 9.999999966234474069e-01
0.000000000000000000e+00 0.000000000000000000e+00 0.000000000000000000e+00 9.119578239165603009e+03 9.999998423219520483e-01
0.000000000000000000e+00 0.000000000000000000e+00 0.000000000000000000e+00 9.135493733474791952e+03 9.999994616902286859e-01
0.000000000000000000e+00 0.000000000000000000e+00 0.000000000000000000e+00 9.151409227783982715e+03 9.999988615460677632e-01
0.000000000000000000e+00 0.000000000000000000e+00 0.000000000000000000e+00 9.167324722093171658e+03 9.999980511525894400e-01
0.000000000000000000e+00 0.000000000000000000e+00 0.000000000000000000e+00 9.183240216402360602e+03 9.999970420946187044e-01
0.000000000000000000e+00 0.000000000000000000e+00 0.000000000000000000e+00 9.199155710711551365e+03 9.999958481296111756e-01
0.000000000000000000e+00 0.000000000000000000e+00 0.000000000000000000e+00 9.215071205020740308e+03 9.999944850150163100e-01
0.000000000000000000e+00 0.000000000000000000e+00 0.000000000000000000e+00 9.230986699329929252e+03 9.999929703142189652e-01
0.000000000000000000e+00 0.000000000000000000e+00 0.000000000000000000e+00 9.246902193639120014e+03 9.999913231834247629e-01
0.000000000000000000e+00 0.000000000000000000e+00 0.000000000000000000e+00 9.262817687948308958e+03 9.999895641420519787e-01
0.000000000000000000e+00 0.000000000000000000e+00 0.000000000000000000e+00 9.278733182257497901e+03 9.999877148293638829e-01
0.000000000000000000e+00 0.000000000000000000e+00 0.000000000000000000e+00 9.294648676566688664e+03 9.999857977502040196e-01
0.000000000000000000e+00 0.000000000000000000e+00 0.000000000000000000e+00 9.310564170875877608e+03 9.999838360128040504e-01
0.000000000000000000e+00 0.000000000000000000e+00 0.000000000000000000e+00 9.326479665185066551e+03 9.999818530616975121e-01
0.000000000000000000e+00 0.000000000000000000e+00 0.000000000000000000e+00 9.342395159494257314e+03 9.999798724088040380e-01
0.000000000000000000e+00 0.000000000000000000e+00 0.000000000000000000e+00 9.358310653803446257e+03 9.999779173657492581e-01
0.000000000000000000e+00 0.000000000000000000e+00 0.000000000000000000e+00 9.374226148112635201e+03 9.999760107804449571e-01
0.000000000000000000e+00 0.000000000000000000e+00 0.000000000000000000e+00 9.390141642421825964e+03 9.999741747808810199e-01
0.000000000000000000e+00 0.000000000000000000e+00 0.000000000000000000e+00 9.406057136731014907e+03 9.999724305289832138e-01
0.000000000000000000e+00 0.000000000000000000e+00 0.000000000000000000e+00 9.421972631040203851e+03 9.999707979872461960e-01
0.000000000000000000e+00 0.000000000000000000e+00 0.000000000000000000e+00 9.437888125349394613e+03 9.999692957006924843e-01
0.000000000000000000e+00 0.000000000000000000e+00 0.000000000000000000e+00 9.453803619658583557e+03 9.999679405965129497e-01
0.000000000000000000e+00 0.000000000000000000e+00 0.000000000000000000e+00 9.469719113967772500e+03 9.999667478035252355e-01
0.000000000000000000e+00 0.000000000000000000e+00 0.000000000000000000e+00 9.485634608276963263e+03 9.999657304933501356e-01
0.000000000000000000e+00 0.000000000000000000e+00 0.000000000000000000e+00 9.501550102586152207e+03 9.999648997449417376e-01
0.000000000000000000e+00 0.000000000000000000e+00 0.000000000000000000e+00 9.517465596895341150e+03 9.999642644338329056e-01
0.000000000000000000e+00 0.000000000000000000e+00 0.000000000000000000e+00 9.533381091204530094e+03 9.999638311471703567e-01
0.000000000000000000e+00 0.000000000000000000e+00 0.000000000000000000e+00 9.549296585513720856e+03 9.999636041253092689e-01
0.000000000000000000e+00 0.000000000000000000e+00 0.000000000000000000e+00 9.565212079822909800e+03 9.999635852304363803e-01
0.000000000000000000e+00 0.000000000000000000e+00 0.000000000000000000e+00 9.581127574132098744e+03 9.999637739423794525e-01
0.000000000000000000e+00 0.000000000000000000e+00 0.000000000000000000e+00 9.597043068441289506e+03 9.999641673814525511e-01
0.000000000000000000e+00 0.000000000000000000e+00 0.000000000000000000e+00 9.612958562750478450e+03 9.999647603578829536e-01
0.000000000000000000e+00 0.000000000000000000e+00 0.000000000000000000e+00 9.628874057059667393e+03 9.999655454470705029e-01
0.000000000000000000e+00 0.000000000000000000e+00 0.000000000000000000e+00 9.644789551368858156e+03 9.999665130896390197e-01
0.000000000000000000e+00 0.000000000000000000e+00 0.000000000000000000e+00 9.660705045678047099e+03 9.999676517149722610e-01
0.000000000000000000e+00 0.000000000000000000e+00 0.000000000000000000e+00 9.676620539987236043e+03 9.999689478866680137e-01
0.000000000000000000e+00 0.000000000000000000e+00 0.000000000000000000e+00 9.692536034296426806e+03 9.999703864681085408e-01
0.000000000000000000e+00 0.000000000000000000e+00 0.000000000000000000e+00 9.708451528605615749e+03 9.999719508061313267e-01
0.000000000000000000e+00 0.000000000000000000e+00 0.000000000000000000e+00 9.724367022914804693e+03 9.999736229305919988e-01
0.000000000000000000e+00 0.000000000000000000e+00 0.000000000000000000e+00 9.740282517223995455e+03 9.999753837674524304e-01
0.000000000000000000e+00 0.000000000000000000e+00 0.000000000000000000e+00 9.756198011533184399e+03 9.999772133628842541e-01
0.000000000000000000e+00 0.000000000000000000e+00 0.000000000000000000e+00 9.772113505842373343e+03 9.999790911157757645e-01
0.000000000000000000e+00 0.000000000000000000e+00 0.000000000000000000e+00 9.788029000151564105e+03 9.999809960159526945e-01
0.000000000000000000e+00 0.000000000000000000e+00 0.000000000000000000e+00 9.803944494460753049e+03 9.999829068853767211e-01
0.000000000000000000e+00 0.000000000000000000e+00 0.000000000000000000e+00 9.819859988769941992e+03 9.999848026195696793e-01
0.000000000000000000e+00 0.000000000000000000e+00 0.000000000000000000e+00 9.835775483079132755e+03 9.999866624265321136e-01
0.000000000000000000e+00 0.000000000000000000e+00 0.000000000000000000e+00 9.851690977388321699e+03 9.999884660604672071e-01
0.000000000000000000e+00 0.000000000000000000e+00 0.000000000000000000e+00 9.867606471697510642e+03 9.999901940477027296e-01
0.000000000000000000e+00 0.000000000000000000e+00 0.000000000000000000e+00 9.883521966006701405e+03 9.999918279023040091e-01
0.000000000000000000e+00 0.000000000000000000e+00 0.000000000000000000e+00 9.899437460315890348e+03 9.999933503290137082e-01
0.000000000000000000e+00 0.000000000000000000e+00 0.000000000000000000e+00 9.915352954625079292e+03 9.999947454113041756e-01
0.000000000000000000e+00 0.000000000000000000e+00 0.000000000000000000e+00 9.931268448934270054e+03 9.999959987825173258e-01
0.000000000000000000e+00 0.000000000000000000e+00 0.000000000000000000e+00 9.947183943243458998e+03 9.999970977782731696e-01
0.000000000000000000e+00 0.000000000000000000e+00 0.000000000000000000e+00 9.963099437552647942e+03 9.999980315685468302e-01
0.000000000000000000e+00 0.000000000000000000e+00 0.000000000000000000e+00 9.979014931861838704e+03 9.999987912680612379e-01
0.000000000000000000e+00 0.000000000000000000e+00 0.000000000000000000e+00 9.994930426171027648e+03 9.999993700238936079e-01
