# Tone frequency (Hz)	Measured Fidelity	Simulated Fidelity	Frequency (Hz)	Analytic Fidelity
0.000000000000000000e+00 7.762459099999999800e-03 0.000000000000000000e+00 1.591549430918953456e-01 9.999999571930436870e-01
1.000000000000000000e+02 2.736045800000000069e-02 1.669579300373883954e-02 1.591549430918953334e+01 9.995723241778774470e-01
2.000000000000000000e+02 7.105138199999999626e-02 6.145339866203639728e-02 3.183098861837906668e+01 9.982940089353297131e-01
3.000000000000000000e+02 1.292864800000000092e-01 1.208982854351823982e-01 4.774648292756860002e+01 9.961790929146270290e-01
4.000000000000000000e+02 1.923315200000000058e-01 1.794656987762739131e-01 6.366197723675813336e+01 9.932506505247952200e-01
5.000000000000000000e+02 2.293912499999999910e-01 2.244958381918752133e-01 7.957747154594767380e+01 9.895403188000252426e-01
6.000000000000000000e+02 2.661339600000000027e-01 2.482586631305936931e-01 9.549296585513720004e+01 9.850876580845364661e-01
7.000000000000000000e+02 2.500395799999999835e-01 2.474323052296887038e-01 1.114084601643267405e+02 9.799393682281585249e-01
8.000000000000000000e+02 2.281528399999999956e-01 2.221240253711292134e-01 1.273239544735162667e+02 9.741483862812260197e-01
9.000000000000000000e+02 1.882532500000000109e-01 1.758860479585895031e-01 1.432394487827058072e+02 9.677728947406473159e-01
1.000000000000000000e+03 1.258482300000000054e-01 1.166860726756367983e-01 1.591549430918953476e+02 9.608752711232149135e-01
1.100000000000000000e+03 6.879006299999999852e-02 5.741945845217325678e-02 1.750704374010848881e+02 9.535210100115865117e-01
1.200000000000000000e+03 2.269212699999999944e-02 1.395450696815750055e-02 1.909859317102744001e+02 9.457776477956074679e-01
1.300000000000000000e+03 1.027201600000000013e-02 2.279786191330412947e-04 2.069014260194639405e+02 9.377137182486954270e-01
1.400000000000000000e+03 3.240068599999999799e-02 2.254958277007046083e-02 2.228169203286534810e+02 9.293977640230859372e-01
1.500000000000000000e+03 8.339738800000000285e-02 7.677775944417086773e-02 2.387324146378430214e+02 9.208974253446521319e-01
1.600000000000000000e+03 1.601556500000000105e-01 1.504452890405650889e-01 2.546479089470325334e+02 9.122786228840494838e-01
1.700000000000000000e+03 2.304081000000000046e-01 2.282774319741562863e-01 2.705634032562221023e+02 9.036048472251314578e-01
1.800000000000000000e+03 3.009753800000000146e-01 2.975273881730016723e-01 2.864788975654116143e+02 8.949365627797589706e-01
1.900000000000000000e+03 3.551798199999999794e-01 3.504732523859682147e-01 3.023943918746011263e+02 8.863307296197424634e-01
2.000000000000000000e+03 3.877383500000000094e-01 3.840819989923389133e-01 3.183098861837906952e+02 8.778404426850957565e-01
2.100000000000000000e+03 4.054688200000000076e-01 3.982532189323090277e-01 3.342253804929802072e+02 8.695146843146720483e-01
2.200000000000000000e+03 3.964131200000000077e-01 3.941937200167459077e-01 3.501408748021697761e+02 8.613981831181311000e-01
2.300000000000000000e+03 3.829113800000000234e-01 3.736597076664864847e-01 3.660563691113592881e+02 8.535313699119360109e-01
2.400000000000000000e+03 3.408558999999999894e-01 3.389756443808534803e-01 3.819718634205488001e+02 8.459504197825620242e-01
2.500000000000000000e+03 2.999301600000000012e-01 2.933742017799900181e-01 3.978873577297383690e+02 8.386873682902358240e-01
2.600000000000000000e+03 2.525564399999999932e-01 2.411633656817097071e-01 4.138028520389278810e+02 8.317702893331300196e-01
2.700000000000000000e+03 2.024152899999999977e-01 1.873596401339537865e-01 4.297183463481174499e+02 8.252235221832751044e-01
2.800000000000000000e+03 1.477594100000000077e-01 1.368574954422671908e-01 4.456338406573069619e+02 8.190679355985981402e-01
2.900000000000000000e+03 1.050430700000000023e-01 9.347363836360451927e-02 4.615493349664964740e+02 8.133212176227785362e-01
3.000000000000000000e+03 6.969904899999999903e-02 5.931369139594141332e-02 4.774648292756860428e+02 8.079981806195608574e-01
3.100000000000000000e+03 4.425177000000000277e-02 3.467130732236425872e-02 4.933803235848755548e+02 8.031110721696832488e-01
3.200000000000000000e+03 2.805278300000000127e-02 1.844045158322054137e-02 5.092958178940650669e+02 7.986698836144361380e-01
3.300000000000000000e+03 1.769861600000000035e-02 8.752074769963043288e-03 5.252113122032545789e+02 7.946826491986245244e-01
3.400000000000000000e+03 9.505369700000000296e-03 3.585813491234535015e-03 5.411268065124442046e+02 7.911557298978439956e-01
3.500000000000000000e+03 8.204566300000000478e-03 1.189963780919303009e-03 5.570423008216337166e+02 7.880940770729518707e-01
3.600000000000000000e+03 9.682705600000000856e-03 2.760425684016861217e-04 5.729577951308232286e+02 7.855014720525347327e-01
3.700000000000000000e+03 6.718218300000000295e-03 2.612525927260842974e-05 5.888732894400127407e+02 7.833807385865767525e-01
3.800000000000000000e+03 6.956037099999999584e-03 1.704438893950314946e-06 6.047887837492022527e+02 7.817339258353943610e-01
3.900000000000000000e+03 9.583745200000000353e-03 1.564762806609330901e-05 6.207042780583918784e+02 7.805624601590503975e-01
4.000000000000000000e+03 1.306206499999999944e-02 1.667569419755901070e-05 6.366197723675813904e+02 7.798672644621752470e-01
4.100000000000000000e+03 9.284507500000000607e-03 7.713317465323335823e-06 6.525352666767709024e+02 7.796488442409291730e-01
4.200000000000000000e+03 8.092746099999999221e-03 8.327588593532427464e-07 6.684507609859604145e+02 7.799073397900851967e-01
4.300000000000000000e+03 9.774939200000000786e-03 7.721155243734621971e-07 6.843662552951499265e+02 7.806425442791254943e-01
4.400000000000000000e+03 6.256788499999999843e-03 4.789278962775089101e-06 7.002817496043395522e+02 7.818538876189107256e-01
4.500000000000000000e+03 7.645786699999999707e-03 8.038612894529593769e-06 7.161972439135290642e+02 7.835403862380596607e-01
4.600000000000000000e+03 1.021417900000000031e-02 7.828686776732683919e-06 7.321127382227185763e+02 7.857005590941117390e-01
4.700000000000000000e+03 9.231410900000000530e-03 4.850364308650917596e-06 7.480282325319080883e+02 7.883323104818718008e-01
4.800000000000000000e+03 5.717983500000000004e-03 1.547171652235771052e-06 7.639437268410976003e+02 7.914327804919950582e-01
4.900000000000000000e+03 8.647571300000000266e-03 1.930526215863614925e-08 7.798592211502872260e+02 7.949981643368823070e-01
5.000000000000000000e+03 7.948176899999999379e-03 7.996224058978594754e-07 7.957747154594767380e+02 7.990235022155948164e-01
5.100000000000000000e+03 9.929173600000000544e-03 2.853286316935565021e-06 8.116902097686662501e+02 8.035024419483471902e-01
5.200000000000000000e+03 8.248336599999999547e-03 4.553006955206772809e-06 8.276057040778557621e+02 8.084269772829320022e-01
5.300000000000000000e+03 7.019521199999999989e-03 4.802398896489278611e-06 8.435211983870452741e+02 8.137871655629310697e-01
5.400000000000000000e+03 8.501713200000000220e-03 3.567309240528088814e-06 8.594366926962348998e+02 8.195708293463146443e-01
5.500000000000000000e+03 6.990124000000000337e-03 1.698020415429071028e-06 8.753521870054244118e+02 8.257632475599583355e-01
5.600000000000000000e+03 9.408291399999999319e-03 3.014773375414397108e-07 8.912676813146139239e+02 8.323468428482095893e-01
5.700000000000000000e+03 9.464817099999999969e-03 6.063124493960763358e-08 9.071831756238034359e+02 8.393008728886905967e-01
5.800000000000000000e+03 7.934531200000000811e-03 9.186286917025919961e-07 9.230986699329929479e+02 8.466011345619461892e-01
5.900000000000000000e+03 8.539589099999999808e-03 2.210642878250129212e-06 9.390141642421825736e+02 8.542196909182329101e-01
6.000000000000000000e+03 6.755388299999999860e-03 3.116421263794624139e-06 9.549296585513720856e+02 8.621246318194711877e-01
6.100000000000000000e+03 8.585915899999999393e-03 3.133017426332411105e-06 9.708451528605615977e+02 8.702798798734889818e-01
6.200000000000000000e+03 7.066245199999999713e-03 2.290476932219387140e-06 9.867606471697511097e+02 8.786450537417546114e-01
6.300000000000000000e+03 7.757043499999999661e-03 1.107672074777088908e-06 1.002676141478940622e+03 8.871754010094798915e-01
6.400000000000000000e+03 6.998596699999999962e-03 2.141576162306556885e-07 1.018591635788130134e+03 8.958218124797866500e-01
6.500000000000000000e+03 9.978953699999999413e-03 2.812349902934674026e-08 1.034507130097319759e+03 9.045309289216343362e-01
6.600000000000000000e+03 7.152477299999999635e-03 5.556473926111953554e-07 1.050422624406509158e+03 9.132453499095425364e-01
6.700000000000000000e+03 8.539863899999999841e-03 1.433569807014337071e-06 1.066338118715698783e+03 9.219039524084456927e-01
6.800000000000000000e+03 8.566458699999999690e-03 2.125183530649840047e-06 1.082253613024888409e+03 9.304423241740673589e-01
6.900000000000000000e+03 1.215892200000000083e-02 2.291493268191424930e-06 1.098169107334077808e+03 9.387933138863071569e-01
7.000000000000000000e+03 8.639737999999999238e-03 1.837515598650751933e-06 1.114084601643267433e+03 9.468876962762819982e-01
7.100000000000000000e+03 8.403143800000000344e-03 1.038787559999727986e-06 1.130000095952456832e+03 9.546549464524869411e-01
7.200000000000000000e+03 9.378564500000000428e-03 3.085662253989815098e-07 1.145915590261646457e+03 9.620241133224693986e-01
7.300000000000000000e+03 9.387949499999999337e-03 1.203027669510368937e-09 1.161831084570836083e+03 9.689247776228795406e-01
7.400000000000000000e+03 6.089607300000000022e-03 2.221786419171901073e-07 1.177746578880025481e+03 9.752880758199846678e-01
7.500000000000000000e+03 5.979262299999999614e-03 8.022405404377528897e-07 1.193662073189215107e+03 9.810477672494124501e-01
7.600000000000000000e+03 7.893783999999999176e-03 1.413802352660796001e-06 1.209577567498404505e+03 9.861413185571111795e-01
7.700000000000000000e+03 9.319732000000000710e-03 1.724560055757557065e-06 1.225493061807594131e+03 9.905109770017401782e-01
7.800000000000000000e+03 7.466687799999999903e-03 1.584748524078258954e-06 1.241408556116783757e+03 9.941048026739085497e-01
7.900000000000000000e+03 6.658742199999999681e-03 1.083013402998214948e-06 1.257324050425973155e+03 9.968776293298180491e-01
8.000000000000000000e+03 7.244693600000000171e-03 4.825136388970315674e-07 1.273239544735162781e+03 9.987919244202518865e-01
8.100000000000000000e+03 8.322819099999999998e-03 7.109864596443976345e-08 1.289155039044352179e+03 9.998185210486456587e-01
8.200000000000000000e+03 8.027113000000000650e-03 3.308270521875224852e-08 1.305070533353541805e+03 9.999371979700164559e-01
8.300000000000000000e+03 8.673506799999999503e-03 3.534367936942697947e-07 1.320986027662731431e+03 9.991370882283716615e-01
8.400000000000000000e+03 8.704743299999999698e-03 8.396712466227091562e-07 1.336901521971920829e+03 9.974169024377308457e-01
8.500000000000000000e+03 1.087520299999999995e-02 1.240518028375697004e-06 1.352817016281110455e+03 9.947849587962421802e-01
8.600000000000000000e+03 1.004658100000000061e-02 1.343866700315235034e-06 1.368732510590299853e+03 9.912590183954048673e-01
8.700000000000000000e+03 9.835532899999999135e-03 1.108260231991908076e-06 1.384648004899489479e+03 9.868659309330156670e-01
8.800000000000000000e+03 6.772192699999999600e-03 6.727558604354395352e-07 1.400563499208679104e+03 9.816411022402464770e-01
8.900000000000000000e+03 9.085968099999999423e-03 2.334662281278869013e-07 1.416478993517868503e+03 9.756278007874383817e-01
9.000000000000000000e+03 8.828610199999999825e-03 8.803810456852879279e-09 1.432394487827058128e+03 9.688763252727281561e-01
9.100000000000000000e+03 7.849923300000000506e-03 8.720954787811858914e-08 1.448309982136247527e+03 9.614430593077673004e-01
9.200000000000000000e+03 1.110726199999999969e-02 4.074434799051847979e-07 1.464225476445437153e+03 9.533894419453730062e-01
9.300000000000000000e+03 5.460214799999999966e-03 7.932129987910298979e-07 1.480140970754626778e+03 9.447808842664724427e-01
9.400000000000000000e+03 1.020698100000000039e-02 1.049326942847548960e-06 1.496056465063816177e+03 9.356856624528309130e-01
9.500000000000000000e+03 1.023861700000000020e-02 1.048500745497793059e-06 1.511971959373005802e+03 9.261738167818237555e-01
9.600000000000000000e+03 9.705347899999999459e-03 8.062116043863852617e-07 1.527887453682195201e+03 9.163160839147714842e-01
9.700000000000000000e+03 7.808457100000000019e-03 4.308601242857367259e-07 1.543802947991384826e+03 9.061828868844701290e-01
9.800000000000000000e+03 8.554478199999999977e-03 1.158383296049381034e-07 1.559718442300574452e+03 8.958434035277960117e-01
9.900000000000000000e+03 8.719223599999999241e-03 1.022583543444555950e-10 1.575633936609763850e+03 8.853647299810847304e-01
0.000000000000000000e+00 0.000000000000000000e+00 0.000000000000000000e+00 1.591549430918953476e+03 8.748111514875449579e-01
0.000000000000000000e+00 0.000000000000000000e+00 0.000000000000000000e+00 1.607464925228142874e+03 8.642435283742939678e-01
0.000000000000000000e+00 0.000000000000000000e+00 0.000000000000000000e+00 1.623380419537332500e+03 8.537188008357858848e-01
0.000000000000000000e+00 0.000000000000000000e+00 0.000000000000000000e+00 1.639295913846522126e+03 8.432896122732120858e-01
0.000000000000000000e+00 0.000000000000000000e+00 0.000000000000000000e+00 1.655211408155711524e+03 8.330040475115476628e-01
0.000000000000000000e+00 0.000000000000000000e+00 0.000000000000000000e+00 1.671126902464901150e+03 8.229054793339414253e-01
0.000000000000000000e+00 0.000000000000000000e+00 0.000000000000000000e+00 1.687042396774090548e+03 8.130325144849877006e-01
0.000000000000000000e+00 0.000000000000000000e+00 0.000000000000000000e+00 1.702957891083280174e+03 8.034190286124140989e-01
0.000000000000000000e+00 0.000000000000000000e+00 0.000000000000000000e+00 1.718873385392469800e+03 7.940942785223670253e-01
0.000000000000000000e+00 0.000000000000000000e+00 0.000000000000000000e+00 1.734788879701659198e+03 7.850830795732575140e-01
0.000000000000000000e+00 0.000000000000000000e+00 0.000000000000000000e+00 1.750704374010848824e+03 7.764060359651985266e-01
0.000000000000000000e+00 0.000000000000000000e+00 0.000000000000000000e+00 1.766619868320038222e+03 7.680798120224121561e-01
0.000000000000000000e+00 0.000000000000000000e+00 0.000000000000000000e+00 1.782535362629227848e+03 7.601174332346918305e-01
0.000000000000000000e+00 0.000000000000000000e+00 0.000000000000000000e+00 1.798450856938417473e+03 7.525286067403789136e-01
0.000000000000000000e+00 0.000000000000000000e+00 0.000000000000000000e+00 1.814366351247606872e+03 7.453200520200957691e-01
0.000000000000000000e+00 0.000000000000000000e+00 0.000000000000000000e+00 1.830281845556796497e+03 7.384958337572556930e-01
0.000000000000000000e+00 0.000000000000000000e+00 0.000000000000000000e+00 1.846197339865985896e+03 7.320576900465799453e-01
0.000000000000000000e+00 0.000000000000000000e+00 0.000000000000000000e+00 1.862112834175175522e+03 7.260053503441534772e-01
0.000000000000000000e+00 0.000000000000000000e+00 0.000000000000000000e+00 1.878028328484365147e+03 7.203368387111482862e-01
0.000000000000000000e+00 0.000000000000000000e+00 0.000000000000000000e+00 1.893943822793554546e+03 7.150487589778152797e-01
0.000000000000000000e+00 0.000000000000000000e+00 0.000000000000000000e+00 1.909859317102744171e+03 7.101365594237938339e-01
0.000000000000000000e+00 0.000000000000000000e+00 0.000000000000000000e+00 1.925774811411933570e+03 7.055947754228668600e-01
0.000000000000000000e+00 0.000000000000000000e+00 0.000000000000000000e+00 1.941690305721123195e+03 7.014172492298017536e-01
0.000000000000000000e+00 0.000000000000000000e+00 0.000000000000000000e+00 1.957605800030312594e+03 6.975973266945426632e-01
0.000000000000000000e+00 0.000000000000000000e+00 0.000000000000000000e+00 1.973521294339502219e+03 6.941280311799868930e-01
0.000000000000000000e+00 0.000000000000000000e+00 0.000000000000000000e+00 1.989436788648691845e+03 6.910022153423172053e-01
0.000000000000000000e+00 0.000000000000000000e+00 0.000000000000000000e+00 2.005352282957881243e+03 6.882126917181006220e-01
0.000000000000000000e+00 0.000000000000000000e+00 0.000000000000000000e+00 2.021267777267070869e+03 6.857523432619531123e-01
0.000000000000000000e+00 0.000000000000000000e+00 0.000000000000000000e+00 2.037183271576260267e+03 6.836142151049907634e-01
0.000000000000000000e+00 0.000000000000000000e+00 0.000000000000000000e+00 2.053098765885450121e+03 6.817915888697547722e-01
0.000000000000000000e+00 0.000000000000000000e+00 0.000000000000000000e+00 2.069014260194639519e+03 6.802780408936591749e-01
0.000000000000000000e+00 0.000000000000000000e+00 0.000000000000000000e+00 2.084929754503828917e+03 6.790674856910914325e-01
0.000000000000000000e+00 0.000000000000000000e+00 0.000000000000000000e+00 2.100845248813018316e+03 6.781542059340418538e-01
0.000000000000000000e+00 0.000000000000000000e+00 0.000000000000000000e+00 2.116760743122208169e+03 6.775328701612506332e-01
0.000000000000000000e+00 0.000000000000000000e+00 0.000000000000000000e+00 2.132676237431397567e+03 6.771985393439321488e-01
0.000000000000000000e+00 0.000000000000000000e+00 0.000000000000000000e+00 2.148591731740586965e+03 6.771466633486474818e-01
0.000000000000000000e+00 0.000000000000000000e+00 0.000000000000000000e+00 2.164507226049776818e+03 6.773730682501694078e-01
0.000000000000000000e+00 0.000000000000000000e+00 0.000000000000000000e+00 2.180422720358966217e+03 6.778739353636586973e-01
0.000000000000000000e+00 0.000000000000000000e+00 0.000000000000000000e+00 2.196338214668155615e+03 6.786457727895648384e-01
0.000000000000000000e+00 0.000000000000000000e+00 0.000000000000000000e+00 2.212253708977345468e+03 6.796853801990767607e-01
0.000000000000000000e+00 0.000000000000000000e+00 0.000000000000000000e+00 2.228169203286534866e+03 6.809898075345308666e-01
0.000000000000000000e+00 0.000000000000000000e+00 0.000000000000000000e+00 2.244084697595724265e+03 6.825563082592380759e-01
0.000000000000000000e+00 0.000000000000000000e+00 0.000000000000000000e+00 2.260000191904913663e+03 6.843822877653177317e-01
0.000000000000000000e+00 0.000000000000000000e+00 0.000000000000000000e+00 2.275915686214103516e+03 6.864652475364131368e-01
0.000000000000000000e+00 0.000000000000000000e+00 0.000000000000000000e+00 2.291831180523292915e+03 6.888027256642068608e-01
0.000000000000000000e+00 0.000000000000000000e+00 0.000000000000000000e+00 2.307746674832482313e+03 6.913922343325376030e-01
0.000000000000000000e+00 0.000000000000000000e+00 0.000000000000000000e+00 2.323662169141672166e+03 6.942311949092663248e-01
0.000000000000000000e+00 0.000000000000000000e+00 0.000000000000000000e+00 2.339577663450861564e+03 6.973168713221478132e-01
0.000000000000000000e+00 0.000000000000000000e+00 0.000000000000000000e+00 2.355493157760050963e+03 7.006463024385607419e-01
0.000000000000000000e+00 0.000000000000000000e+00 0.000000000000000000e+00 2.371408652069240816e+03 7.042162342176390144e-01
0.000000000000000000e+00 0.000000000000000000e+00 0.000000000000000000e+00 2.387324146378430214e+03 7.080230524541772930e-01
0.000000000000000000e+00 0.000000000000000000e+00 0.000000000000000000e+00 2.403239640687619612e+03 7.120627169836661885e-01
0.000000000000000000e+00 0.000000000000000000e+00 0.000000000000000000e+00 2.419155134996809011e+03 7.163306982636292730e-01
0.000000000000000000e+00 0.000000000000000000e+00 0.000000000000000000e+00 2.435070629305998864e+03 7.208219172847030176e-01
0.000000000000000000e+00 0.000000000000000000e+00 0.000000000000000000e+00 2.450986123615188262e+03 7.255306897923238241e-01
0.000000000000000000e+00 0.000000000000000000e+00 0.000000000000000000e+00 2.466901617924377661e+03 7.304506758131112942e-01
0.000000000000000000e+00 0.000000000000000000e+00 0.000000000000000000e+00 2.482817112233567514e+03 7.355748354761572072e-01
0.000000000000000000e+00 0.000000000000000000e+00 0.000000000000000000e+00 2.498732606542756912e+03 7.408953920956931061e-01
0.000000000000000000e+00 0.000000000000000000e+00 0.000000000000000000e+00 2.514648100851946310e+03 7.464038034359559148e-01
0.000000000000000000e+00 0.000000000000000000e+00 0.000000000000000000e+00 2.530563595161136163e+03 7.520907420099007812e-01
0.000000000000000000e+00 0.000000000000000000e+00 0.000000000000000000e+00 2.546479089470325562e+03 7.579460851699669766e-01
0.000000000000000000e+00 0.000000000000000000e+00 0.000000000000000000e+00 2.562394583779514960e+03 7.639589156314228191e-01
0.000000000000000000e+00 0.000000000000000000e+00 0.000000000000000000e+00 2.578310078088704358e+03 7.701175329278009407e-01
0.000000000000000000e+00 0.000000000000000000e+00 0.000000000000000000e+00 2.594225572397894211e+03 7.764094761354571883e-01
0.000000000000000000e+00 0.000000000000000000e+00 0.000000000000000000e+00 2.610141066707083610e+03 7.828215580231431270e-01
0.000000000000000000e+00 0.000000000000000000e+00 0.000000000000000000e+00 2.626056561016273008e+03 7.893399105862904941e-01
0.000000000000000000e+00 0.000000000000000000e+00 0.000000000000000000e+00 2.641972055325462861e+03 7.959500417189714350e-01
0.000000000000000000e+00 0.000000000000000000e+00 0.000000000000000000e+00 2.657887549634652260e+03 8.026369025642841049e-01
0.000000000000000000e+00 0.000000000000000000e+00 0.000000000000000000e+00 2.673803043943841658e+03 8.093849648718758338e-01
0.000000000000000000e+00 0.000000000000000000e+00 0.000000000000000000e+00 2.689718538253031056e+03 8.161783074853379283e-01
0.000000000000000000e+00 0.000000000000000000e+00 0.000000000000000000e+00 2.705634032562220909e+03 8.230007108883027334e-01
0.000000000000000000e+00 0.000000000000000000e+00 0.000000000000000000e+00 2.721549526871410308e+03 8.298357585620712573e-01
0.000000000000000000e+00 0.000000000000000000e+00 0.000000000000000000e+00 2.737465021180599706e+03 8.366669437549572041e-01
0.000000000000000000e+00 0.000000000000000000e+00 0.000000000000000000e+00 2.753380515489789559e+03 8.434777801390882512e-01
0.000000000000000000e+00 0.000000000000000000e+00 0.000000000000000000e+00 2.769296009798978957e+03 8.502519147381855102e-01
0.000000000000000000e+00 0.000000000000000000e+00 0.000000000000000000e+00 2.785211504108168356e+03 8.569732414528676845e-01
0.000000000000000000e+00 0.000000000000000000e+00 0.000000000000000000e+00 2.801126998417358209e+03 8.636260134902498109e-01
0.000000000000000000e+00 0.000000000000000000e+00 0.000000000000000000e+00 2.817042492726547607e+03 8.701949530227102159e-01
0.000000000000000000e+00 0.000000000000000000e+00 0.000000000000000000e+00 2.832957987035737005e+03 8.766653564562119083e-01
0.000000000000000000e+00 0.000000000000000000e+00 0.000000000000000000e+00 2.848873481344926404e+03 8.830231937797803354e-01
0.000000000000000000e+00 0.000000000000000000e+00 0.000000000000000000e+00 2.864788975654116257e+03 8.892552005918175073e-01
0.000000000000000000e+00 0.000000000000000000e+00 0.000000000000000000e+00 2.880704469963305655e+03 8.953489615520608957e-01
0.000000000000000000e+00 0.000000000000000000e+00 0.000000000000000000e+00 2.896619964272495054e+03 9.012929841855201740e-01
0.000000000000000000e+00 0.000000000000000000e+00 0.000000000000000000e+00 2.912535458581684907e+03 9.070767621613198273e-01
0.000000000000000000e+00 0.000000000000000000e+00 0.000000000000000000e+00 2.928450952890874305e+03 9.126908273793492565e-01
0.000000000000000000e+00 0.000000000000000000e+00 0.000000000000000000e+00 2.944366447200063703e+03 9.181267904150001158e-01
0.000000000000000000e+00 0.000000000000000000e+00 0.000000000000000000e+00 2.960281941509253556e+03 9.233773690911946108e-01
0.000000000000000000e+00 0.000000000000000000e+00 0.000000000000000000e+00 2.976197435818442955e+03 9.284364051616469382e-01
0.000000000000000000e+00 0.000000000000000000e+00 0.000000000000000000e+00 2.992112930127632353e+03 9.332988692946390108e-01
0.000000000000000000e+00 0.000000000000000000e+00 0.000000000000000000e+00 3.008028424436821751e+03 9.379608547378124328e-01
0.000000000000000000e+00 0.000000000000000000e+00 0.000000000000000000e+00 3.023943918746011605e+03 9.424195602176275166e-01
0.000000000000000000e+00 0.000000000000000000e+00 0.000000000000000000e+00 3.039859413055201003e+03 9.466732627790300780e-01
0.000000000000000000e+00 0.000000000000000000e+00 0.000000000000000000e+00 3.055774907364390401e+03 9.507212813991460232e-01
0.000000000000000000e+00 0.000000000000000000e+00 0.000000000000000000e+00 3.071690401673580254e+03 9.545639323120301833e-01
0.000000000000000000e+00 0.000000000000000000e+00 0.000000000000000000e+00 3.087605895982769653e+03 9.582024770589675500e-01
0.000000000000000000e+00 0.000000000000000000e+00 0.000000000000000000e+00 3.103521390291959051e+03 9.616390643307117791e-01
0.000000000000000000e+00 0.000000000000000000e+00 0.000000000000000000e+00 3.119436884601148904e+03 9.648766666951883453e-01
0.000000000000000000e+00 0.000000000000000000e+00 0.000000000000000000e+00 3.135352378910338302e+03 9.679190133080526337e-01
0.000000000000000000e+00 0.000000000000000000e+00 0.000000000000000000e+00 3.151267873219527701e+03 9.707705196860371144e-01
0.000000000000000000e+00 0.000000000000000000e+00 0.000000000000000000e+00 3.167183367528717099e+03 9.734362155866025379e-01
0.000000000000000000e+00 0.000000000000000000e+00 0.000000000000000000e+00 3.183098861837906952e+03 9.759216719846472987e-01
0.000000000000000000e+00 0.000000000000000000e+00 0.000000000000000000e+00 3.199014356147096350e+03 9.782329280707184882e-01
0.000000000000000000e+00 0.000000000000000000e+00 0.000000000000000000e+00 3.214929850456285749e+03 9.803764191181369991e-01
0.000000000000000000e+00 0.000000000000000000e+00 0.000000000000000000e+00 3.230845344765475602e+03 9.823589059815152069e-01
0.000000000000000000e+00 0.000000000000000000e+00 0.000000000000000000e+00 3.246760839074665000e+03 9.841874068989666657e-01
0.000000000000000000e+00 0.000000000000000000e+00 0.000000000000000000e+00 3.262676333383854399e+03 9.858691321774097904e-01
0.000000000000000000e+00 0.000000000000000000e+00 0.000000000000000000e+00 3.278591827693044252e+03 9.874114222469851931e-01
0.000000000000000000e+00 0.000000000000000000e+00 0.000000000000000000e+00 3.294507322002233650e+03 9.888216894787544842e-01
0.000000000000000000e+00 0.000000000000000000e+00 0.000000000000000000e+00 3.310422816311423048e+03 9.901073640712091395e-01
0.000000000000000000e+00 0.000000000000000000e+00 0.000000000000000000e+00 3.326338310620612447e+03 9.912758442271047965e-01
0.000000000000000000e+00 0.000000000000000000e+00 0.000000000000000000e+00 3.342253804929802300e+03 9.923344507638425238e-01
0.000000000000000000e+00 0.000000000000000000e+00 0.000000000000000000e+00 3.358169299238991698e+03 9.932903862288707808e-01
0.000000000000000000e+00 0.000000000000000000e+00 0.000000000000000000e+00 3.374084793548181096e+03 9.941506985269159546e-01
0.000000000000000000e+00 0.000000000000000000e+00 0.000000000000000000e+00 3.390000287857370949e+03 9.949222490085986026e-01
0.000000000000000000e+00 0.000000000000000000e+00 0.000000000000000000e+00 3.405915782166560348e+03 9.956116849202294450e-01
0.000000000000000000e+00 0.000000000000000000e+00 0.000000000000000000e+00 3.421831276475749746e+03 9.962254160722309182e-01
0.000000000000000000e+00 0.000000000000000000e+00 0.000000000000000000e+00 3.437746770784939599e+03 9.967695955484655590e-01
0.000000000000000000e+00 0.000000000000000000e+00 0.000000000000000000e+00 3.453662265094128998e+03 9.972501042503929547e-01
0.000000000000000000e+00 0.000000000000000000e+00 0.000000000000000000e+00 3.469577759403318396e+03 9.976725390479961320e-01
0.000000000000000000e+00 0.000000000000000000e+00 0.000000000000000000e+00 3.485493253712507794e+03 9.980422042932824978e-01
0.000000000000000000e+00 0.000000000000000000e+00 0.000000000000000000e+00 3.501408748021697647e+03 9.983641064413257826e-01
0.000000000000000000e+00 0.000000000000000000e+00 0.000000000000000000e+00 3.517324242330887046e+03 9.986429515176973304e-01
0.000000000000000000e+00 0.000000000000000000e+00 0.000000000000000000e+00 3.533239736640076444e+03 9.988831451691505547e-01
0.000000000000000000e+00 0.000000000000000000e+00 0.000000000000000000e+00 3.549155230949266297e+03 9.990887950360121117e-01
0.000000000000000000e+00 0.000000000000000000e+00 0.000000000000000000e+00 3.565070725258455695e+03 9.992637151893530856e-01
0.000000000000000000e+00 0.000000000000000000e+00 0.000000000000000000e+00 3.580986219567645094e+03 9.994114323831404523e-01
0.000000000000000000e+00 0.000000000000000000e+00 0.000000000000000000e+00 3.596901713876834947e+03 9.995351938807534031e-01
0.000000000000000000e+00 0.000000000000000000e+00 0.000000000000000000e+00 3.612817208186024345e+03 9.996379766260350408e-01
0.000000000000000000e+00 0.000000000000000000e+00 0.000000000000000000e+00 3.628732702495213744e+03 9.997224975410754499e-01
0.000000000000000000e+00 0.000000000000000000e+00 0.000000000000000000e+00 3.644648196804403142e+03 9.997912247458311530e-01
0.000000000000000000e+00 0.000000000000000000e+00 0.000000000000000000e+00 3.660563691113592995e+03 9.998463895081972641e-01
0.000000000000000000e+00 0.000000000000000000e+00 0.000000000000000000e+00 3.676479185422782393e+03 9.998899987469885842e-01
0.000000000000000000e+00 0.000000000000000000e+00 0.000000000000000000e+00 3.692394679731971792e+03 9.999238479242682498e-01
0.000000000000000000e+00 0.000000000000000000e+00 0.000000000000000000e+00 3.708310174041161645e+03 9.999495341773809720e-01
0.000000000000000000e+00 0.000000000000000000e+00 0.000000000000000000e+00 3.724225668350351043e+03 9.999684695547733648e-01
0.000000000000000000e+00 0.000000000000000000e+00 0.000000000000000000e+00 3.740141162659540441e+03 9.999818942331022420e-01
0.000000000000000000e+00 0.000000000000000000e+00 0.000000000000000000e+00 3.756056656968730294e+03 9.999908896061284747e-01
0.000000000000000000e+00 0.000000000000000000e+00 0.000000000000000000e+00 3.771972151277919693e+03 9.999963911484351931e-01
0.000000000000000000e+00 0.000000000000000000e+00 0.000000000000000000e+00 3.787887645587109091e+03 9.999992009689996353e-01
0.000000000000000000e+00 0.000000000000000000e+00 0.000000000000000000e+00 3.803803139896298489e+03 9.999999999810917917e-01
0.000000000000000000e+00 0.000000000000000000e+00 0.000000000000000000e+00 3.819718634205488343e+03 9.999993596258078821e-01
0.000000000000000000e+00 0.000000000000000000e+00 0.000000000000000000e+00 3.835634128514677741e+03 9.999977530967877337e-01
0.000000000000000000e+00 0.000000000000000000e+00 0.000000000000000000e+00 3.851549622823867139e+03 9.999955660232773269e-01
0.000000000000000000e+00 0.000000000000000000e+00 0.000000000000000000e+00 3.867465117133056992e+03 9.999931065777041272e-01
0.000000000000000000e+00 0.000000000000000000e+00 0.000000000000000000e+00 3.883380611442246391e+03 9.999906149823092338e-01
0.000000000000000000e+00 0.000000000000000000e+00 0.000000000000000000e+00 3.899296105751435789e+03 9.999882723971587062e-01
0.000000000000000000e+00 0.000000000000000000e+00 0.000000000000000000e+00 3.915211600060625187e+03 9.999862091790167051e-01
0.000000000000000000e+00 0.000000000000000000e+00 0.000000000000000000e+00 3.931127094369815040e+03 9.999845125071420426e-01
0.000000000000000000e+00 0.000000000000000000e+00 0.000000000000000000e+00 3.947042588679004439e+03 9.999832333780543925e-01
0.000000000000000000e+00 0.000000000000000000e+00 0.000000000000000000e+00 3.962958082988193837e+03 9.999823929767347463e-01
0.000000000000000000e+00 0.000000000000000000e+00 0.000000000000000000e+00 3.978873577297383690e+03 9.999819884365783729e-01
0.000000000000000000e+00 0.000000000000000000e+00 0.000000000000000000e+00 3.994789071606573089e+03 9.999819980047328638e-01
0.000000000000000000e+00 0.000000000000000000e+00 0.000000000000000000e+00 4.010704565915762487e+03 9.999823856332282768e-01
0.000000000000000000e+00 0.000000000000000000e+00 0.000000000000000000e+00 4.026620060224952340e+03 9.999831050195715498e-01
0.000000000000000000e+00 0.000000000000000000e+00 0.000000000000000000e+00 4.042535554534141738e+03 9.999841031232407085e-01
0.000000000000000000e+00 0.000000000000000000e+00 0.000000000000000000e+00 4.058451048843331137e+03 9.999853231867961156e-01
0.000000000000000000e+00 0.000000000000000000e+00 0.000000000000000000e+00 4.074366543152520535e+03 9.999867072921466704e-01
0.000000000000000000e+00 0.000000000000000000e+00 0.000000000000000000e+00 4.090282037461710388e+03 9.999881984838900895e-01
0.000000000000000000e+00 0.000000000000000000e+00 0.000000000000000000e+00 4.106197531770900241e+03 9.999897424926083023e-01
0.000000000000000000e+00 0.000000000000000000e+00 0.000000000000000000e+00 4.122113026080089185e+03 9.999912890915639840e-01
0.000000000000000000e+00 0.000000000000000000e+00 0.000000000000000000e+00 4.138028520389279038e+03 9.999927931204438680e-01
0.000000000000000000e+00 0.000000000000000000e+00 0.000000000000000000e+00 4.153944014698467981e+03 9.999942152096490400e-01
0.000000000000000000e+00 0.000000000000000000e+00 0.000000000000000000e+00 4.169859509007657834e+03 9.999955222381684550e-01
0.000000000000000000e+00 0.000000000000000000e+00 0.000000000000000000e+00 4.185775003316847688e+03 9.999966875573271796e-01
0.000000000000000000e+00 0.000000000000000000e+00 0.000000000000000000e+00 4.201690497626036631e+03 9.999976910116897821e-01
0.000000000000000000e+00 0.000000000000000000e+00 0.000000000000000000e+00 4.217605991935226484e+03 9.999985187871685000e-01
0.000000000000000000e+00 0.000000000000000000e+00 0.000000000000000000e+00 4.233521486244416337e+03 9.999991631149480753e-01
0.000000000000000000e+00 0.000000000000000000e+00 0.000000000000000000e+00 4.249436980553605281e+03 9.999996218582389851e-01
0.000000000000000000e+00 0.000000000000000000e+00 0.000000000000000000e+00 4.265352474862795134e+03 9.999998980071260757e-01
0.000000000000000000e+00 0.000000000000000000e+00 0.000000000000000000e+00 4.281267969171984987e+03 9.999999991049288717e-01
0.000000000000000000e+00 0.000000000000000000e+00 0.000000000000000000e+00 4.297183463481173931e+03 9.999999366275542645e-01
0.000000000000000000e+00 0.000000000000000000e+00 0.000000000000000000e+00 4.313098957790363784e+03 9.999997253353297699e-01
0.000000000000000000e+00 0.000000000000000000e+00 0.000000000000000000e+00 4.329014452099553637e+03 9.999993826147874909e-01
0.000000000000000000e+00 0.000000000000000000e+00 0.000000000000000000e+00 4.344929946408742580e+03 9.999989278258427650e-01
0.000000000000000000e+00 0.000000000000000000e+00 0.000000000000000000e+00 4.360845440717932433e+03 9.999983816678026383e-01
0.000000000000000000e+00 0.000000000000000000e+00 0.000000000000000000e+00 4.376760935027122287e+03 9.999977655756668860e-01
0.000000000000000000e+00 0.000000000000000000e+00 0.000000000000000000e+00 4.392676429336311230e+03 9.999971011562767131e-01
0.000000000000000000e+00 0.000000000000000000e+00 0.000000000000000000e+00 4.408591923645501083e+03 9.999964096720186379e-01
0.000000000000000000e+00 0.000000000000000000e+00 0.000000000000000000e+00 4.424507417954690936e+03 9.999957115780466754e-01
0.000000000000000000e+00 0.000000000000000000e+00 0.000000000000000000e+00 4.440422912263879880e+03 9.999950261173342625e-01
0.000000000000000000e+00 0.000000000000000000e+00 0.000000000000000000e+00 4.456338406573069733e+03 9.999943709763275956e-01
0.000000000000000000e+00 0.000000000000000000e+00 0.000000000000000000e+00 4.472253900882258677e+03 9.999937620025596274e-01
0.000000000000000000e+00 0.000000000000000000e+00 0.000000000000000000e+00 4.488169395191448530e+03 9.999932129842936668e-01
0.000000000000000000e+00 0.000000000000000000e+00 0.000000000000000000e+00 4.504084889500638383e+03 9.999927354911053445e-01
0.000000000000000000e+00 0.000000000000000000e+00 0.000000000000000000e+00 4.520000383809827326e+03 9.999923387732956304e-01
0.000000000000000000e+00 0.000000000000000000e+00 0.000000000000000000e+00 4.535915878119017179e+03 9.999920297171358552e-01
0.000000000000000000e+00 0.000000000000000000e+00 0.000000000000000000e+00 4.551831372428207032e+03 9.999918128521982918e-01
0.000000000000000000e+00 0.000000000000000000e+00 0.000000000000000000e+00 4.567746866737395976e+03 9.999916904064054535e-01
0.000000000000000000e+00 0.000000000000000000e+00 0.000000000000000000e+00 4.583662361046585829e+03 9.999916624039468793e-01
0.000000000000000000e+00 0.000000000000000000e+00 0.000000000000000000e+00 4.599577855355775682e+03 9.999917268008431392e-01
0.000000000000000000e+00 0.000000000000000000e+00 0.000000000000000000e+00 4.615493349664964626e+03 9.999918796526969800e-01
0.000000000000000000e+00 0.000000000000000000e+00 0.000000000000000000e+00 4.631408843974154479e+03 9.999921153090332027e-01
0.000000000000000000e+00 0.000000000000000000e+00 0.000000000000000000e+00 4.647324338283344332e+03 9.999924266286053243e-01
0.000000000000000000e+00 0.000000000000000000e+00 0.000000000000000000e+00 4.663239832592533276e+03 9.999928052101076936e-01
0.000000000000000000e+00 0.000000000000000000e+00 0.000000000000000000e+00 4.679155326901723129e+03 9.999932416328846108e-01
0.000000000000000000e+00 0.000000000000000000e+00 0.000000000000000000e+00 4.695070821210912982e+03 9.999937257024638093e-01
0.000000000000000000e+00 0.000000000000000000e+00 0.000000000000000000e+00 4.710986315520101925e+03 9.999942466960276555e-01
0.000000000000000000e+00 0.000000000000000000e+00 0.000000000000000000e+00 4.726901809829291778e+03 9.999947936032977935e-01
0.000000000000000000e+00 0.000000000000000000e+00 0.000000000000000000e+00 4.742817304138481632e+03 9.999953553587082045e-01
0.000000000000000000e+00 0.000000000000000000e+00 0.000000000000000000e+00 4.758732798447670575e+03 9.999959210611777394e-01
0.000000000000000000e+00 0.000000000000000000e+00 0.000000000000000000e+00 4.774648292756860428e+03 9.999964801782658119e-01
0.000000000000000000e+00 0.000000000000000000e+00 0.000000000000000000e+00 4.790563787066049372e+03 9.999970227319782135e-01
0.000000000000000000e+00 0.000000000000000000e+00 0.000000000000000000e+00 4.806479281375239225e+03 9.999975394639889492e-01
0.000000000000000000e+00 0.000000000000000000e+00 0.000000000000000000e+00 4.822394775684429078e+03 9.999980219785418178e-01
0.000000000000000000e+00 0.000000000000000000e+00 0.000000000000000000e+00 4.838310269993618022e+03 9.999984628617902827e-01
0.000000000000000000e+00 0.000000000000000000e+00 0.000000000000000000e+00 4.854225764302807875e+03 9.999988557768137998e-01
0.000000000000000000e+00 0.000000000000000000e+00 0.000000000000000000e+00 4.870141258611997728e+03 9.999991955340112870e-01
0.000000000000000000e+00 0.000000000000000000e+00 0.000000000000000000e+00 4.886056752921186671e+03 9.999994781370066255e-01
0.000000000000000000e+00 0.000000000000000000e+00 0.000000000000000000e+00 4.901972247230376524e+03 9.999997008046113134e-01
0.000000000000000000e+00 0.000000000000000000e+00 0.000000000000000000e+00 4.917887741539566377e+03 9.999998619697572089e-01
0.000000000000000000e+00 0.000000000000000000e+00 0.000000000000000000e+00 4.933803235848755321e+03 9.999999612566500273e-01
0.000000000000000000e+00 0.000000000000000000e+00 0.000000000000000000e+00 4.949718730157945174e+03 9.999999994376874701e-01
0.000000000000000000e+00 0.000000000000000000e+00 0.000000000000000000e+00 4.965634224467135027e+03 9.999999783719373259e-01
0.000000000000000000e+00 0.000000000000000000e+00 0.000000000000000000e+00 4.981549718776323971e+03 9.999999009271794970e-01
0.000000000000000000e+00 0.000000000000000000e+00 0.000000000000000000e+00 4.997465213085513824e+03 9.999997708876791069e-01
0.000000000000000000e+00 0.000000000000000000e+00 0.000000000000000000e+00 5.013380707394703677e+03 9.999995928499800790e-01
0.000000000000000000e+00 0.000000000000000000e+00 0.000000000000000000e+00 5.029296201703892621e+03 9.999993721090828513e-01
0.000000000000000000e+00 0.000000000000000000e+00 0.000000000000000000e+00 5.045211696013082474e+03 9.999991145374071966e-01
0.000000000000000000e+00 0.000000000000000000e+00 0.000000000000000000e+00 5.061127190322272327e+03 9.999988264589345643e-01
0.000000000000000000e+00 0.000000000000000000e+00 0.000000000000000000e+00 5.077042684631461270e+03 9.999985145208840631e-01
0.000000000000000000e+00 0.000000000000000000e+00 0.000000000000000000e+00 5.092958178940651123e+03 9.999981855651944862e-01
0.000000000000000000e+00 0.000000000000000000e+00 0.000000000000000000e+00 5.108873673249840067e+03 9.999978465019820906e-01
0.000000000000000000e+00 0.000000000000000000e+00 0.000000000000000000e+00 5.124789167559029920e+03 9.999975041869990644e-01
0.000000000000000000e+00 0.000000000000000000e+00 0.000000000000000000e+00 5.140704661868219773e+03 9.999971653049608555e-01
0.000000000000000000e+00 0.000000000000000000e+00 0.000000000000000000e+00 5.156620156177408717e+03 9.999968362604241268e-01
0.000000000000000000e+00 0.000000000000000000e+00 0.000000000000000000e+00 5.172535650486598570e+03 9.999965230776972636e-01
0.000000000000000000e+00 0.000000000000000000e+00 0.000000000000000000e+00 5.188451144795788423e+03 9.999962313110507539e-01
0.000000000000000000e+00 0.000000000000000000e+00 0.000000000000000000e+00 5.204366639104977367e+03 9.999959659662731593e-01
0.000000000000000000e+00 0.000000000000000000e+00 0.000000000000000000e+00 5.220282133414167220e+03 9.999957314343885795e-01
0.000000000000000000e+00 0.000000000000000000e+00 0.000000000000000000e+00 5.236197627723357073e+03 9.999955314381191451e-01
0.000000000000000000e+00 0.000000000000000000e+00 0.000000000000000000e+00 5.252113122032546016e+03 9.999953689914520272e-01
0.000000000000000000e+00 0.000000000000000000e+00 0.000000000000000000e+00 5.268028616341735869e+03 9.999952463724409712e-01
0.000000000000000000e+00 0.000000000000000000e+00 0.000000000000000000e+00 5.283944110650925722e+03 9.999951651091594229e-01
0.000000000000000000e+00 0.000000000000000000e+00 0.000000000000000000e+00 5.299859604960114666e+03 9.999951259785201385e-01
0.000000000000000000e+00 0.000000000000000000e+00 0.000000000000000000e+00 5.315775099269304519e+03 9.999951290174785568e-01
0.000000000000000000e+00 0.000000000000000000e+00 0.000000000000000000e+00 5.331690593578494372e+03 9.999951735459691182e-01
0.000000000000000000e+00 0.000000000000000000e+00 0.000000000000000000e+00 5.347606087887683316e+03 9.999952582007600732e-01
0.000000000000000000e+00 0.000000000000000000e+00 0.000000000000000000e+00 5.363521582196873169e+03 9.999953809792782033e-01
0.000000000000000000e+00 0.000000000000000000e+00 0.000000000000000000e+00 5.379437076506062112e+03 9.999955392923332020e-01
0.000000000000000000e+00 0.000000000000000000e+00 0.000000000000000000e+00 5.395352570815251966e+03 9.999957300245772007e-01
0.000000000000000000e+00 0.000000000000000000e+00 0.000000000000000000e+00 5.411268065124441819e+03 9.999959496014585447e-01
0.000000000000000000e+00 0.000000000000000000e+00 0.000000000000000000e+00 5.427183559433630762e+03 9.999961940613758538e-01
0.000000000000000000e+00 0.000000000000000000e+00 0.000000000000000000e+00 5.443099053742820615e+03 9.999964591317067608e-01
0.000000000000000000e+00 0.000000000000000000e+00 0.000000000000000000e+00 5.459014548052010468e+03 9.999967403073763972e-01
0.000000000000000000e+00 0.000000000000000000e+00 0.000000000000000000e+00 5.474930042361199412e+03 9.999970329306414607e-01
0.000000000000000000e+00 0.000000000000000000e+00 0.000000000000000000e+00 5.490845536670389265e+03 9.999973322707917944e-01
0.000000000000000000e+00 0.000000000000000000e+00 0.000000000000000000e+00 5.506761030979579118e+03 9.999976336025278023e-01
0.000000000000000000e+00 0.000000000000000000e+00 0.000000000000000000e+00 5.522676525288768062e+03 9.999979322818290939e-01
0.000000000000000000e+00 0.000000000000000000e+00 0.000000000000000000e+00 5.538592019597957915e+03 9.999982238182147931e-01
0.000000000000000000e+00 0.000000000000000000e+00 0.000000000000000000e+00 5.554507513907147768e+03 9.999985039423893163e-01
0.000000000000000000e+00 0.000000000000000000e+00 0.000000000000000000e+00 5.570423008216336711e+03 9.999987686683746713e-01
0.000000000000000000e+00 0.000000000000000000e+00 0.000000000000000000e+00 5.586338502525526565e+03 9.999990143493386885e-01
0.000000000000000000e+00 0.000000000000000000e+00 0.000000000000000000e+00 5.602253996834716418e+03 9.999992377264640409e-01
0.000000000000000000e+00 0.000000000000000000e+00 0.000000000000000000e+00 5.618169491143905361e+03 9.999994359703161528e-01
0.000000000000000000e+00 0.000000000000000000e+00 0.000000000000000000e+00 5.634084985453095214e+03 9.999996067143132050e-01
0.000000000000000000e+00 0.000000000000000000e+00 0.000000000000000000e+00 5.650000479762285067e+03 9.999997480800247862e-01
0.000000000000000000e+00 0.000000000000000000e+00 0.000000000000000000e+00 5.665915974071474011e+03 9.999998586941638568e-01
0.000000000000000000e+00 0.000000000000000000e+00 0.000000000000000000e+00 5.681831468380663864e+03 9.999999376972636966e-01
0.000000000000000000e+00 0.000000000000000000e+00 0.000000000000000000e+00 5.697746962689852808e+03 9.999999847441579659e-01
0.000000000000000000e+00 0.000000000000000000e+00 0.000000000000000000e+00 5.713662456999042661e+03 9.999999999965014652e-01
0.000000000000000000e+00 0.000000000000000000e+00 0.000000000000000000e+00 5.729577951308232514e+03 9.999999841076812057e-01
0.000000000000000000e+00 0.000000000000000000e+00 0.000000000000000000e+00 5.745493445617421457e+03 9.999999382005684279e-01
0.000000000000000000e+00 0.000000000000000000e+00 0.000000000000000000e+00 5.761408939926611311e+03 9.999998638386615735e-01
0.000000000000000000e+00 0.000000000000000000e+00 0.000000000000000000e+00 5.777324434235801164e+03 9.999997629912412700e-01
0.000000000000000000e+00 0.000000000000000000e+00 0.000000000000000000e+00 5.793239928544990107e+03 9.999996379932413193e-01
0.000000000000000000e+00 0.000000000000000000e+00 0.000000000000000000e+00 5.809155422854179960e+03 9.999994915005856466e-01
0.000000000000000000e+00 0.000000000000000000e+00 0.000000000000000000e+00 5.825070917163369813e+03 9.999993264417939010e-01
0.000000000000000000e+00 0.000000000000000000e+00 0.000000000000000000e+00 5.840986411472558757e+03 9.999991459666874860e-01
0.000000000000000000e+00 0.000000000000000000e+00 0.000000000000000000e+00 5.856901905781748610e+03 9.999989533930428998e-01
0.000000000000000000e+00 0.000000000000000000e+00 0.000000000000000000e+00 5.872817400090938463e+03 9.999987521520513623e-01
0.000000000000000000e+00 0.000000000000000000e+00 0.000000000000000000e+00 5.888732894400127407e+03 9.999985457334308325e-01
0.000000000000000000e+00 0.000000000000000000e+00 0.000000000000000000e+00 5.904648388709317260e+03 9.999983376310204175e-01
0.000000000000000000e+00 0.000000000000000000e+00 0.000000000000000000e+00 5.920563883018507113e+03 9.999981312896544239e-01
0.000000000000000000e+00 0.000000000000000000e+00 0.000000000000000000e+00 5.936479377327696056e+03 9.999979300540744465e-01
0.000000000000000000e+00 0.000000000000000000e+00 0.000000000000000000e+00 5.952394871636885910e+03 9.999977371205845955e-01
0.000000000000000000e+00 0.000000000000000000e+00 0.000000000000000000e+00 5.968310365946075763e+03 9.999975554920950138e-01
0.000000000000000000e+00 0.000000000000000000e+00 0.000000000000000000e+00 5.984225860255264706e+03 9.999973879371342189e-01
0.000000000000000000e+00 0.000000000000000000e+00 0.000000000000000000e+00 6.000141354564454559e+03 9.999972369533334238e-01
0.000000000000000000e+00 0.000000000000000000e+00 0.000000000000000000e+00 6.016056848873643503e+03 9.999971047358084952e-01
0.000000000000000000e+00 0.000000000000000000e+00 0.000000000000000000e+00 6.031972343182833356e+03 9.999969931507848298e-01
0.000000000000000000e+00 0.000000000000000000e+00 0.000000000000000000e+00 6.047887837492023209e+03 9.999969037147182771e-01
0.000000000000000000e+00 0.000000000000000000e+00 0.000000000000000000e+00 6.063803331801212153e+03 9.999968375790880826e-01
0.000000000000000000e+00 0.000000000000000000e+00 0.000000000000000000e+00 6.079718826110402006e+03 9.999967955209415615e-01
0.000000000000000000e+00 0.000000000000000000e+00 0.000000000000000000e+00 6.095634320419591859e+03 9.999967779391899514e-01
0.000000000000000000e+00 0.000000000000000000e+00 0.000000000000000000e+00 6.111549814728780802e+03 9.999967848565720629e-01
0.000000000000000000e+00 0.000000000000000000e+00 0.000000000000000000e+00 6.127465309037970655e+03 9.999968159271179768e-01
0.000000000000000000e+00 0.000000000000000000e+00 0.000000000000000000e+00 6.143380803347160509e+03 9.999968704488763072e-01
0.000000000000000000e+00 0.000000000000000000e+00 0.000000000000000000e+00 6.159296297656349452e+03 9.999969473815911725e-01
0.000000000000000000e+00 0.000000000000000000e+00 0.000000000000000000e+00 6.175211791965539305e+03 9.999970453689586147e-01
0.000000000000000000e+00 0.000000000000000000e+00 0.000000000000000000e+00 6.191127286274729158e+03 9.999971627650300343e-01
0.000000000000000000e+00 0.000000000000000000e+00 0.000000000000000000e+00 6.207042780583918102e+03 9.999972976642855782e-01
0.000000000000000000e+00 0.000000000000000000e+00 0.000000000000000000e+00 6.222958274893107955e+03 9.999974479348546774e-01
0.000000000000000000e+00 0.000000000000000000e+00 0.000000000000000000e+00 6.238873769202297808e+03 9.999976112543332851e-01
0.000000000000000000e+00 0.000000000000000000e+00 0.000000000000000000e+00 6.254789263511486752e+03 9.999977851476204993e-01
0.000000000000000000e+00 0.000000000000000000e+00 0.000000000000000000e+00 6.270704757820676605e+03 9.999979670261822662e-01
0.000000000000000000e+00 0.000000000000000000e+00 0.000000000000000000e+00 6.286620252129866458e+03 9.999981542281446423e-01
0.000000000000000000e+00 0.000000000000000000e+00 0.000000000000000000e+00 6.302535746439055401e+03 9.999983440586223127e-01
0.000000000000000000e+00 0.000000000000000000e+00 0.000000000000000000e+00 6.318451240748245255e+03 9.999985338296926152e-01
0.000000000000000000e+00 0.000000000000000000e+00 0.000000000000000000e+00 6.334366735057434198e+03 9.999987208994549626e-01
0.000000000000000000e+00 0.000000000000000000e+00 0.000000000000000000e+00 6.350282229366624051e+03 9.999989027096292116e-01
0.000000000000000000e+00 0.000000000000000000e+00 0.000000000000000000e+00 6.366197723675813904e+03 9.999990768211887149e-01
0.000000000000000000e+00 0.000000000000000000e+00 0.000000000000000000e+00 6.382113217985002848e+03 9.999992409475603194e-01
0.000000000000000000e+00 0.000000000000000000e+00 0.000000000000000000e+00 6.398028712294192701e+03 9.999993929849660956e-01
0.000000000000000000e+00 0.000000000000000000e+00 0.000000000000000000e+00 6.413944206603382554e+03 9.999995310395364267e-01
0.000000000000000000e+00 0.000000000000000000e+00 0.000000000000000000e+00 6.429859700912571498e+03 9.999996534508733825e-01
0.000000000000000000e+00 0.000000000000000000e+00 0.000000000000000000e+00 6.445775195221761351e+03 9.999997588118044733e-01
0.000000000000000000e+00 0.000000000000000000e+00 0.000000000000000000e+00 6.461690689530951204e+03 9.999998459841230591e-01
0.000000000000000000e+00 0.000000000000000000e+00 0.000000000000000000e+00 6.477606183840140147e+03 9.999999141101749700e-01
0.000000000000000000e+00 0.000000000000000000e+00 0.000000000000000000e+00 6.493521678149330000e+03 9.999999626202124015e-01
0.000000000000000000e+00 0.000000000000000000e+00 0.000000000000000000e+00 6.509437172458519854e+03 9.999999912354942122e-01
0.000000000000000000e+00 0.000000000000000000e+00 0.000000000000000000e+00 6.525352666767708797e+03 9.999999999671789208e-01
0.000000000000000000e+00 0.000000000000000000e+00 0.000000000000000000e+00 6.541268161076898650e+03 9.999999891111055472e-01
0.000000000000000000e+00 0.000000000000000000e+00 0.000000000000000000e+00 6.557183655386088503e+03 9.999999592386219494e-01
0.000000000000000000e+00 0.000000000000000000e+00 0.000000000000000000e+00 6.573099149695277447e+03 9.999999111836666010e-01
0.000000000000000000e+00 0.000000000000000000e+00 0.000000000000000000e+00 6.589014644004467300e+03 9.999998460263599398e-01
0.000000000000000000e+00 0.000000000000000000e+00 0.000000000000000000e+00 6.604930138313656244e+03 9.999997650734054888e-01
0.000000000000000000e+00 0.000000000000000000e+00 0.000000000000000000e+00 6.620845632622846097e+03 9.999996698356383718e-01
0.000000000000000000e+00 0.000000000000000000e+00 0.000000000000000000e+00 6.636761126932035950e+03 9.999995620030919241e-01
0.000000000000000000e+00 0.000000000000000000e+00 0.000000000000000000e+00 6.652676621241224893e+03 9.999994434179808600e-01
0.000000000000000000e+00 0.000000000000000000e+00 0.000000000000000000e+00 6.668592115550414746e+03 9.999993160460203256e-01
0.000000000000000000e+00 0.000000000000000000e+00 0.000000000000000000e+00 6.684507609859604599e+03 9.999991819465122722e-01
0.000000000000000000e+00 0.000000000000000000e+00 0.000000000000000000e+00 6.700423104168793543e+03 9.999990432416456798e-01
0.000000000000000000e+00 0.000000000000000000e+00 0.000000000000000000e+00 6.716338598477983396e+03 9.999989020854503918e-01
0.000000000000000000e+00 0.000000000000000000e+00 0.000000000000000000e+00 6.732254092787173249e+03 9.999987606328493150e-01
0.000000000000000000e+00 0.000000000000000000e+00 0.000000000000000000e+00 6.748169587096362193e+03 9.999986210092350891e-01
0.000000000000000000e+00 0.000000000000000000e+00 0.000000000000000000e+00 6.764085081405552046e+03 9.999984852809904456e-01
0.000000000000000000e+00 0.000000000000000000e+00 0.000000000000000000e+00 6.780000575714741899e+03 9.999983554273432773e-01
0.000000000000000000e+00 0.000000000000000000e+00 0.000000000000000000e+00 6.795916070023930843e+03 9.999982333139232349e-01
0.000000000000000000e+00 0.000000000000000000e+00 0.000000000000000000e+00 6.811831564333120696e+03 9.999981206683608015e-01
0.000000000000000000e+00 0.000000000000000000e+00 0.000000000000000000e+00 6.827747058642310549e+03 9.999980190582276052e-01
0.000000000000000000e+00 0.000000000000000000e+00 0.000000000000000000e+00 6.843662552951499492e+03 9.999979298715837572e-01
0.000000000000000000e+00 0.000000000000000000e+00 0.000000000000000000e+00 6.859578047260689345e+03 9.999978543003560372e-01
0.000000000000000000e+00 0.000000000000000000e+00 0.000000000000000000e+00 6.875493541569879199e+03 9.999977933267272245e-01
0.000000000000000000e+00 0.000000000000000000e+00 0.000000000000000000e+00 6.891409035879068142e+03 9.999977477126714698e-01
0.000000000000000000e+00 0.000000000000000000e+00 0.000000000000000000e+00 6.907324530188257995e+03 9.999977179927257431e-01
0.000000000000000000e+00 0.000000000000000000e+00 0.000000000000000000e+00 6.923240024497446939e+03 9.999977044700418816e-01
0.000000000000000000e+00 0.000000000000000000e+00 0.000000000000000000e+00 6.939155518806636792e+03 9.999977072157153479e-01
0.000000000000000000e+00 0.000000000000000000e+00 0.000000000000000000e+00 6.955071013115826645e+03 9.999977260713446281e-01
0.000000000000000000e+00 0.000000000000000000e+00 0.000000000000000000e+00 6.970986507425015589e+03 9.999977606547308939e-01
0.000000000000000000e+00 0.000000000000000000e+00 0.000000000000000000e+00 6.986902001734205442e+03 9.999978103685848163e-01
0.000000000000000000e+00 0.000000000000000000e+00 0.000000000000000000e+00 7.002817496043395295e+03 9.999978744120708862e-01
0.000000000000000000e+00 0.000000000000000000e+00 0.000000000000000000e+00 7.018732990352584238e+03 9.999979517949815211e-01
0.000000000000000000e+00 0.000000000000000000e+00 0.000000000000000000e+00 7.034648484661774091e+03 9.999980413543031466e-01
0.000000000000000000e+00 0.000000000000000000e+00 0.000000000000000000e+00 7.050563978970963944e+03 9.999981417729062461e-01
0.000000000000000000e+00 0.000000000000000000e+00 0.000000000000000000e+00 7.066479473280152888e+03 9.999982516000669452e-01
0.000000000000000000e+00 0.000000000000000000e+00 0.000000000000000000e+00 7.082394967589342741e+03 9.999983692735106011e-01
0.000000000000000000e+00 0.000000000000000000e+00 0.000000000000000000e+00 7.098310461898532594e+03 9.999984931426475487e-01
0.000000000000000000e+00 0.000000000000000000e+00 0.000000000000000000e+00 7.114225956207721538e+03 9.999986214926664951e-01
0.000000000000000000e+00 0.000000000000000000e+00 0.000000000000000000e+00 7.130141450516911391e+03 9.999987525691387269e-01
0.000000000000000000e+00 0.000000000000000000e+00 0.000000000000000000e+00 7.146056944826101244e+03 9.999988846027912937e-01
0.000000000000000000e+00 0.000000000000000000e+00 0.000000000000000000e+00 7.161972439135290188e+03 9.999990158341067747e-01
0.000000000000000000e+00 0.000000000000000000e+00 0.000000000000000000e+00 7.177887933444480041e+03 9.999991445374163401e-01
0.000000000000000000e+00 0.000000000000000000e+00 0.000000000000000000e+00 7.193803427753669894e+03 9.999992690441659171e-01
0.000000000000000000e+00 0.000000000000000000e+00 0.000000000000000000e+00 7.209718922062858837e+03 9.999993877650519281e-01
0.000000000000000000e+00 0.000000000000000000e+00 0.000000000000000000e+00 7.225634416372048690e+03 9.999994992107419378e-01
0.000000000000000000e+00 0.000000000000000000e+00 0.000000000000000000e+00 7.241549910681237634e+03 9.999996020109210848e-01
0.000000000000000000e+00 0.000000000000000000e+00 0.000000000000000000e+00 7.257465404990427487e+03 9.999996949314308159e-01
0.000000000000000000e+00 0.000000000000000000e+00 0.000000000000000000e+00 7.273380899299617340e+03 9.999997768892970873e-01
0.000000000000000000e+00 0.000000000000000000e+00 0.000000000000000000e+00 7.289296393608806284e+03 9.999998469654762800e-01
0.000000000000000000e+00 0.000000000000000000e+00 0.000000000000000000e+00 7.305211887917996137e+03 9.999999044151810512e-01
0.000000000000000000e+00 0.000000000000000000e+00 0.000000000000000000e+00 7.321127382227185990e+03 9.999999486756827594e-01
0.000000000000000000e+00 0.000000000000000000e+00 0.000000000000000000e+00 7.337042876536374933e+03 9.999999793715235175e-01
0.000000000000000000e+00 0.000000000000000000e+00 0.000000000000000000e+00 7.352958370845564787e+03 9.999999963171065653e-01
0.000000000000000000e+00 0.000000000000000000e+00 0.000000000000000000e+00 7.368873865154754640e+03 9.999999995166690692e-01
0.000000000000000000e+00 0.000000000000000000e+00 0.000000000000000000e+00 7.384789359463943583e+03 9.999999891616768721e-01
0.000000000000000000e+00 0.000000000000000000e+00 0.000000000000000000e+00 7.400704853773133436e+03 9.999999656257162473e-01
0.000000000000000000e+00 0.000000000000000000e+00 0.000000000000000000e+00 7.416620348082323289e+03 9.999999294569865693e-01
0.000000000000000000e+00 0.000000000000000000e+00 0.000000000000000000e+00 7.432535842391512233e+03 9.999998813685333499e-01
0.000000000000000000e+00 0.000000000000000000e+00 0.000000000000000000e+00 7.448451336700702086e+03 9.999998222263843939e-01
0.000000000000000000e+00 0.000000000000000000e+00 0.000000000000000000e+00 7.464366831009891939e+03 9.999997530357813691e-01
0.000000000000000000e+00 0.000000000000000000e+00 0.000000000000000000e+00 7.480282325319080883e+03 9.999996749257193951e-01
0.000000000000000000e+00 0.000000000000000000e+00 0.000000000000000000e+00 7.496197819628270736e+03 9.999995891320271335e-01
0.000000000000000000e+00 0.000000000000000000e+00 0.000000000000000000e+00 7.512113313937460589e+03 9.999994969792374011e-01
0.000000000000000000e+00 0.000000000000000000e+00 0.000000000000000000e+00 7.528028808246649533e+03 9.999993998615073210e-01
0.000000000000000000e+00 0.000000000000000000e+00 0.000000000000000000e+00 7.543944302555839386e+03 9.999992992228605715e-01
0.000000000000000000e+00 0.000000000000000000e+00 0.000000000000000000e+00 7.559859796865028329e+03 9.999991965370247371e-01
0.000000000000000000e+00 0.000000000000000000e+00 0.000000000000000000e+00 7.575775291174218182e+03 9.999990932871414273e-01
0.000000000000000000e+00 0.000000000000000000e+00 0.000000000000000000e+00 7.591690785483408035e+03 9.999989909456219461e-01
0.000000000000000000e+00 0.000000000000000000e+00 0.000000000000000000e+00 7.607606279792596979e+03 9.999988909544176297e-01
0.000000000000000000e+00 0.000000000000000000e+00 0.000000000000000000e+00 7.623521774101786832e+03 9.999987947059629789e-01
0.000000000000000000e+00 0.000000000000000000e+00 0.000000000000000000e+00 7.639437268410976685e+03 9.999987035250363920e-01
0.000000000000000000e+00 0.000000000000000000e+00 0.000000000000000000e+00 7.655352762720165629e+03 9.999986186517707543e-01
0.000000000000000000e+00 0.000000000000000000e+00 0.000000000000000000e+00 7.671268257029355482e+03 9.999985412260217199e-01
0.000000000000000000e+00 0.000000000000000000e+00 0.000000000000000000e+00 7.687183751338545335e+03 9.999984722732878639e-01
0.000000000000000000e+00 0.000000000000000000e+00 0.000000000000000000e+00 7.703099245647734278e+03 9.999984126923459060e-01
0.000000000000000000e+00 0.000000000000000000e+00 0.000000000000000000e+00 7.719014739956924132e+03 9.999983632447451143e-01
0.000000000000000000e+00 0.000000000000000000e+00 0.000000000000000000e+00 7.734930234266113985e+03 9.999983245462749082e-01
0.000000000000000000e+00 0.000000000000000000e+00 0.000000000000000000e+00 7.750845728575302928e+03 9.999982970604918142e-01
0.000000000000000000e+00 0.000000000000000000e+00 0.000000000000000000e+00 7.766761222884492781e+03 9.999982810943661704e-01
0.000000000000000000e+00 0.000000000000000000e+00 0.000000000000000000e+00 7.782676717193682634e+03 9.999982767960762242e-01
0.000000000000000000e+00 0.000000000000000000e+00 0.000000000000000000e+00 7.798592211502871578e+03 9.999982841549518442e-01
0.000000000000000000e+00 0.000000000000000000e+00 0.000000000000000000e+00 7.814507705812061431e+03 9.999983030035384246e-01
0.000000000000000000e+00 0.000000000000000000e+00 0.000000000000000000e+00 7.830423200121250375e+03 9.999983330217271371e-01
0.000000000000000000e+00 0.000000000000000000e+00 0.000000000000000000e+00 7.846338694430440228e+03 9.999983737428671526e-01
0.000000000000000000e+00 0.000000000000000000e+00 0.000000000000000000e+00 7.862254188739630081e+03 9.999984245617556944e-01
0.000000000000000000e+00 0.000000000000000000e+00 0.000000000000000000e+00 7.878169683048819024e+03 9.999984847443714742e-01
0.000000000000000000e+00 0.000000000000000000e+00 0.000000000000000000e+00 7.894085177358008877e+03 9.999985534392032971e-01
0.000000000000000000e+00 0.000000000000000000e+00 0.000000000000000000e+00 7.910000671667198731e+03 9.999986296900003069e-01
0.000000000000000000e+00 0.000000000000000000e+00 0.000000000000000000e+00 7.925916165976387674e+03 9.999987124497572433e-01
0.000000000000000000e+00 0.000000000000000000e+00 0.000000000000000000e+00 7.941831660285577527e+03 9.999988005957340942e-01
0.000000000000000000e+00 0.000000000000000000e+00 0.000000000000000000e+00 7.957747154594767380e+03 9.999988929452976461e-01
0.000000000000000000e+00 0.000000000000000000e+00 0.000000000000000000e+00 7.973662648903956324e+03 9.999989882723636647e-01
0.000000000000000000e+00 0.000000000000000000e+00 0.000000000000000000e+00 7.989578143213146177e+03 9.999990853242175515e-01
0.000000000000000000e+00 0.000000000000000000e+00 0.000000000000000000e+00 8.005493637522336030e+03 9.999991828384817705e-01
0.000000000000000000e+00 0.000000000000000000e+00 0.000000000000000000e+00 8.021409131831524974e+03 9.999992795600087803e-01
0.000000000000000000e+00 0.000000000000000000e+00 0.000000000000000000e+00 8.037324626140714827e+03 9.999993742574736499e-01
0.000000000000000000e+00 0.000000000000000000e+00 0.000000000000000000e+00 8.053240120449904680e+03 9.999994657394528641e-01
0.000000000000000000e+00 0.000000000000000000e+00 0.000000000000000000e+00 8.069155614759093623e+03 9.999995528697833702e-01
0.000000000000000000e+00 0.000000000000000000e+00 0.000000000000000000e+00 8.085071109068283477e+03 9.999996345820075794e-01
0.000000000000000000e+00 0.000000000000000000e+00 0.000000000000000000e+00 8.100986603377473330e+03 9.999997098927257966e-01
0.000000000000000000e+00 0.000000000000000000e+00 0.000000000000000000e+00 8.116902097686662273e+03 9.999997779136937659e-01
0.000000000000000000e+00 0.000000000000000000e+00 0.000000000000000000e+00 8.132817591995852126e+03 9.999998378625205575e-01
0.000000000000000000e+00 0.000000000000000000e+00 0.000000000000000000e+00 8.148733086305041070e+03 9.999998890718442279e-01
0.000000000000000000e+00 0.000000000000000000e+00 0.000000000000000000e+00 8.164648580614230923e+03 9.999999309968816696e-01
0.000000000000000000e+00 0.000000000000000000e+00 0.000000000000000000e+00 8.180564074923420776e+03 9.999999632212759337e-01
0.000000000000000000e+00 0.000000000000000000e+00 0.000000000000000000e+00 8.196479569232609720e+03 9.999999854611795191e-01
0.000000000000000000e+00 0.000000000000000000e+00 0.000000000000000000e+00 8.212395063541800482e+03 9.999999975675479824e-01
0.000000000000000000e+00 0.000000000000000000e+00 0.000000000000000000e+00 8.228310557850989426e+03 9.999999995266296571e-01
0.000000000000000000e+00 0.000000000000000000e+00 0.000000000000000000e+00 8.244226052160178369e+03 9.999999914586690242e-01
0.000000000000000000e+00 0.000000000000000000e+00 0.000000000000000000e+00 8.260141546469369132e+03 9.999999736148628138e-01
0.000000000000000000e+00 0.000000000000000000e+00 0.000000000000000000e+00 8.276057040778558076e+03 9.999999463726270132e-01
0.000000000000000000e+00 0.000000000000000000e+00 0.000000000000000000e+00 8.291972535087747019e+03 9.999999102292600472e-01
0.000000000000000000e+00 0.000000000000000000e+00 0.000000000000000000e+00 8.307888029396935963e+03 9.999998657941009395e-01
0.000000000000000000e+00 0.000000000000000000e+00 0.000000000000000000e+00 8.323803523706126725e+03 9.999998137793048025e-01
0.000000000000000000e+00 0.000000000000000000e+00 0.000000000000000000e+00 8.339719018015315669e+03 9.999997549893727689e-01
0.000000000000000000e+00 0.000000000000000000e+00 0.000000000000000000e+00 8.355634512324504612e+03 9.999996903095862422e-01
0.000000000000000000e+00 0.000000000000000000e+00 0.000000000000000000e+00 8.371550006633695375e+03 9.999996206935111154e-01
0.000000000000000000e+00 0.000000000000000000e+00 0.000000000000000000e+00 8.387465500942884319e+03 9.999995471497462596e-01
0.000000000000000000e+00 0.000000000000000000e+00 0.000000000000000000e+00 8.403380995252073262e+03 9.999994707280956963e-01
0.000000000000000000e+00 0.000000000000000000e+00 0.000000000000000000e+00 8.419296489561264025e+03 9.999993925053556332e-01
0.000000000000000000e+00 0.000000000000000000e+00 0.000000000000000000e+00 8.435211983870452968e+03 9.999993135709035474e-01
0.000000000000000000e+00 0.000000000000000000e+00 0.000000000000000000e+00 8.451127478179641912e+03 9.999992350122797191e-01
0.000000000000000000e+00 0.000000000000000000e+00 0.000000000000000000e+00 8.467042972488832675e+03 9.999991579009517295e-01
0.000000000000000000e+00 0.000000000000000000e+00 0.000000000000000000e+00 8.482958466798021618e+03 9.999990832784431127e-01
0.000000000000000000e+00 0.000000000000000000e+00 0.000000000000000000e+00 8.498873961107210562e+03 9.999990121430037959e-01
0.000000000000000000e+00 0.000000000000000000e+00 0.000000000000000000e+00 8.514789455416401324e+03 9.999989454369910824e-01
0.000000000000000000e+00 0.000000000000000000e+00 0.000000000000000000e+00 8.530704949725590268e+03 9.999988840351148323e-01
0.000000000000000000e+00 0.000000000000000000e+00 0.000000000000000000e+00 8.546620444034779212e+03 9.999988287336929460e-01
0.000000000000000000e+00 0.000000000000000000e+00 0.000000000000000000e+00 8.562535938343969974e+03 9.999987802410454929e-01
0.000000000000000000e+00 0.000000000000000000e+00 0.000000000000000000e+00 8.578451432653158918e+03 9.999987391691367300e-01
0.000000000000000000e+00 0.000000000000000000e+00 0.000000000000000000e+00 8.594366926962347861e+03 9.999987060265653760e-01
0.000000000000000000e+00 0.000000000000000000e+00 0.000000000000000000e+00 8.610282421271538624e+03 9.999986812129730840e-01
0.000000000000000000e+00 0.000000000000000000e+00 0.000000000000000000e+00 8.626197915580727567e+03 9.999986650149342848e-01
0.000000000000000000e+00 0.000000000000000000e+00 0.000000000000000000e+00 8.642113409889916511e+03 9.999986576033591534e-01
0.000000000000000000e+00 0.000000000000000000e+00 0.000000000000000000e+00 8.658028904199107274e+03 9.999986590324314584e-01
0.000000000000000000e+00 0.000000000000000000e+00 0.000000000000000000e+00 8.673944398508296217e+03 9.999986692400750776e-01
0.000000000000000000e+00 0.000000000000000000e+00 0.000000000000000000e+00 8.689859892817485161e+03 9.999986880499284192e-01
0.000000000000000000e+00 0.000000000000000000e+00 0.000000000000000000e+00 8.705775387126675923e+03 9.999987151747837810e-01
0.000000000000000000e+00 0.000000000000000000e+00 0.000000000000000000e+00 8.721690881435864867e+03 9.999987502214320312e-01
0.000000000000000000e+00 0.000000000000000000e+00 0.000000000000000000e+00 8.737606375745053811e+03 9.999987926968346708e-01
0.000000000000000000e+00 0.000000000000000000e+00 0.000000000000000000e+00 8.753521870054244573e+03 9.999988420155278002e-01
0.000000000000000000e+00 0.000000000000000000e+00 0.000000000000000000e+00 8.769437364363433517e+03 9.999988975081512965e-01
0.000000000000000000e+00 0.000000000000000000e+00 0.000000000000000000e+00 8.785352858672622460e+03 9.999989584309780799e-01
0.000000000000000000e+00 0.000000000000000000e+00 0.000000000000000000e+00 8.801268352981813223e+03 9.999990239763125732e-01
0.000000000000000000e+00 0.000000000000000000e+00 0.000000000000000000e+00 8.817183847291002166e+03 9.999990932836108071e-01
0.000000000000000000e+00 0.000000000000000000e+00 0.000000000000000000e+00 8.833099341600191110e+03 9.999991654511750649e-01
0.000000000000000000e+00 0.000000000000000000e+00 0.000000000000000000e+00 8.849014835909381873e+03 9.999992395482621976e-01
0.000000000000000000e+00 0.000000000000000000e+00 0.000000000000000000e+00 8.864930330218570816e+03 9.999993146274464006e-01
0.000000000000000000e+00 0.000000000000000000e+00 0.000000000000000000e+00 8.880845824527759760e+03 9.999993897370748064e-01
0.000000000000000000e+00 0.000000000000000000e+00 0.000000000000000000e+00 8.896761318836950522e+03 9.999994639336514668e-01
0.000000000000000000e+00 0.000000000000000000e+00 0.000000000000000000e+00 8.912676813146139466e+03 9.999995362939938515e-01
0.000000000000000000e+00 0.000000000000000000e+00 0.000000000000000000e+00 8.928592307455328410e+03 9.999996059270044313e-01
0.000000000000000000e+00 0.000000000000000000e+00 0.000000000000000000e+00 8.944507801764517353e+03 9.999996719849111315e-01
0.000000000000000000e+00 0.000000000000000000e+00 0.000000000000000000e+00 8.960423296073708116e+03 9.999997336738365439e-01
0.000000000000000000e+00 0.000000000000000000e+00 0.000000000000000000e+00 8.976338790382897059e+03 9.999997902635660019e-01
0.000000000000000000e+00 0.000000000000000000e+00 0.000000000000000000e+00 8.992254284692086003e+03 9.999998410963978346e-01
0.000000000000000000e+00 0.000000000000000000e+00 0.000000000000000000e+00 9.008169779001276765e+03 9.999998855949706611e-01
0.000000000000000000e+00 0.000000000000000000e+00 0.000000000000000000e+00 9.024085273310465709e+03 9.999999232689760209e-01
0.000000000000000000e+00 0.000000000000000000e+00 0.000000000000000000e+00 9.040000767619654653e+03 9.999999537206831768e-01
0.000000000000000000e+00 0.000000000000000000e+00 0.000000000000000000e+00 9.055916261928845415e+03 9.999999766492160269e-01
0.000000000000000000e+00 0.000000000000000000e+00 0.000000000000000000e+00 9.071831756238034359e+03 9.999999918535388277e-01
0.000000000000000000e+00 0.000000000000000000e+00 0.000000000000000000e+00 9.087747250547223302e+03 9.999999992341263022e-01
0.000000000000000000e+00 0.000000000000000000e+00 0.000000000000000000e+00 9.103662744856414065e+03 9.999999987933098078e-01
0.000000000000000000e+00 0.000000000000000000e+00 0.000000000000000000e+00 9.119578239165603009e+03 9.999999906343075562e-01
0.000000000000000000e+00 0.000000000000000000e+00 0.000000000000000000e+00 9.135493733474791952e+03 9.999999749589645326e-01
0.000000000000000000e+00 0.000000000000000000e+00 0.000000000000000000e+00 9.151409227783982715e+03 9.999999520642450790e-01
0.000000000000000000e+00 0.000000000000000000e+00 0.000000000000000000e+00 9.167324722093171658e+03 9.999999223375335422e-01
0.000000000000000000e+00 0.000000000000000000e+00 0.000000000000000000e+00 9.183240216402360602e+03 9.999998862508169273e-01
0.000000000000000000e+00 0.000000000000000000e+00 0.000000000000000000e+00 9.199155710711551365e+03 9.999998443538336002e-01
0.000000000000000000e+00 0.000000000000000000e+00 0.000000000000000000e+00 9.215071205020740308e+03 9.999997972662879597e-01
0.000000000000000000e+00 0.000000000000000000e+00 0.000000000000000000e+00 9.230986699329929252e+03 9.999997456692378828e-01
0.000000000000000000e+00 0.000000000000000000e+00 0.000000000000000000e+00 9.246902193639120014e+03 9.999996902957752898e-01
0.000000000000000000e+00 0.000000000000000000e+00 0.000000000000000000e+00 9.262817687948308958e+03 9.999996319211250650e-01
0.000000000000000000e+00 0.000000000000000000e+00 0.000000000000000000e+00 9.278733182257497901e+03 9.999995713522953356e-01
0.000000000000000000e+00 0.000000000000000000e+00 0.000000000000000000e+00 9.294648676566688664e+03 9.999995094174165544e-01
0.000000000000000000e+00 0.000000000000000000e+00 0.000000000000000000e+00 9.310564170875877608e+03 9.999994469549069454e-01
0.000000000000000000e+00 0.000000000000000000e+00 0.000000000000000000e+00 9.326479665185066551e+03 9.999993848026078602e-01
0.000000000000000000e+00 0.000000000000000000e+00 0.000000000000000000e+00 9.342395159494257314e+03 9.999993237870257179e-01
0.000000000000000000e+00 0.000000000000000000e+00 0.000000000000000000e+00 9.358310653803446257e+03 9.999992647128184142e-01
0.000000000000000000e+00 0.000000000000000000e+00 0.000000000000000000e+00 9.374226148112635201e+03 9.999992083526589859e-01
0.000000000000000000e+00 0.000000000000000000e+00 0.000000000000000000e+00 9.390141642421825964e+03 9.999991554376003178e-01
0.000000000000000000e+00 0.000000000000000000e+00 0.000000000000000000e+00 9.406057136731014907e+03 9.999991066480624635e-01
0.000000000000000000e+00 0.000000000000000000e+00 0.000000000000000000e+00 9.421972631040203851e+03 9.999990626055501597e-01
0.000000000000000000e+00 0.000000000000000000e+00 0.000000000000000000e+00 9.437888125349394613e+03 9.999990238651990104e-01
0.000000000000000000e+00 0.000000000000000000e+00 0.000000000000000000e+00 9.453803619658583557e+03 9.999989909092394935e-01
0.000000000000000000e+00 0.000000000000000000e+00 0.000000000000000000e+00 9.469719113967772500e+03 9.999989641414526176e-01
0.000000000000000000e+00 0.000000000000000000e+00 0.000000000000000000e+00 9.485634608276963263e+03 9.999989438826788479e-01
0.000000000000000000e+00 0.000000000000000000e+00 0.000000000000000000e+00 9.501550102586152207e+03 9.999989303674285956e-01
0.000000000000000000e+00 0.000000000000000000e+00 0.000000000000000000e+00 9.517465596895341150e+03 9.999989237416260224e-01
0.000000000000000000e+00 0.000000000000000000e+00 0.000000000000000000e+00 9.533381091204530094e+03 9.999989240615057007e-01
0.000000000000000000e+00 0.000000000000000000e+00 0.000000000000000000e+00 9.549296585513720856e+03 9.999989312936659047e-01
0.000000000000000000e+00 0.000000000000000000e+00 0.000000000000000000e+00 9.565212079822909800e+03 9.999989453162647646e-01
0.000000000000000000e+00 0.000000000000000000e+00 0.000000000000000000e+00 9.581127574132098744e+03 9.999989659213375237e-01
0.000000000000000000e+00 0.000000000000000000e+00 0.000000000000000000e+00 9.597043068441289506e+03 9.999989928181903798e-01
0.000000000000000000e+00 0.000000000000000000e+00 0.000000000000000000e+00 9.612958562750478450e+03 9.999990256378231690e-01
0.000000000000000000e+00 0.000000000000000000e+00 0.000000000000000000e+00 9.628874057059667393e+03 9.999990639383102842e-01
0.000000000000000000e+00 0.000000000000000000e+00 0.000000000000000000e+00 9.644789551368858156e+03 9.999991072110656631e-01
0.000000000000000000e+00 0.000000000000000000e+00 0.000000000000000000e+00 9.660705045678047099e+03 9.999991548879032521e-01
0.000000000000000000e+00 0.000000000000000000e+00 0.000000000000000000e+00 9.676620539987236043e+03 9.999992063487961325e-01
0.000000000000000000e+00 0.000000000000000000e+00 0.000000000000000000e+00 9.692536034296426806e+03 9.999992609302277291e-01
0.000000000000000000e+00 0.000000000000000000e+00 0.000000000000000000e+00 9.708451528605615749e+03 9.999993179340269656e-01
0.000000000000000000e+00 0.000000000000000000e+00 0.000000000000000000e+00 9.724367022914804693e+03 9.999993766365663506e-01
0.000000000000000000e+00 0.000000000000000000e+00 0.000000000000000000e+00 9.740282517223995455e+03 9.999994362982064233e-01
0.000000000000000000e+00 0.000000000000000000e+00 0.000000000000000000e+00 9.756198011533184399e+03 9.999994961728626564e-01
0.000000000000000000e+00 0.000000000000000000e+00 0.000000000000000000e+00 9.772113505842373343e+03 9.999995555175713591e-01
0.000000000000000000e+00 0.000000000000000000e+00 0.000000000000000000e+00 9.788029000151564105e+03 9.999996136019357884e-01
0.000000000000000000e+00 0.000000000000000000e+00 0.000000000000000000e+00 9.803944494460753049e+03 9.999996697173290094e-01
0.000000000000000000e+00 0.000000000000000000e+00 0.000000000000000000e+00 9.819859988769941992e+03 9.999997231857451485e-01
0.000000000000000000e+00 0.000000000000000000e+00 0.000000000000000000e+00 9.835775483079132755e+03 9.999997733681817991e-01
0.000000000000000000e+00 0.000000000000000000e+00 0.000000000000000000e+00 9.851690977388321699e+03 9.999998196724593225e-01
0.000000000000000000e+00 0.000000000000000000e+00 0.000000000000000000e+00 9.867606471697510642e+03 9.999998615603760133e-01
0.000000000000000000e+00 0.000000000000000000e+00 0.000000000000000000e+00 9.883521966006701405e+03 9.999998985541187491e-01
0.000000000000000000e+00 0.000000000000000000e+00 0.000000000000000000e+00 9.899437460315890348e+03 9.999999302418518532e-01
0.000000000000000000e+00 0.000000000000000000e+00 0.000000000000000000e+00 9.915352954625079292e+03 9.999999562824204435e-01
0.000000000000000000e+00 0.000000000000000000e+00 0.000000000000000000e+00 9.931268448934270054e+03 9.999999764091176413e-01
0.000000000000000000e+00 0.000000000000000000e+00 0.000000000000000000e+00 9.947183943243458998e+03 9.999999904324750055e-01
0.000000000000000000e+00 0.000000000000000000e+00 0.000000000000000000e+00 9.963099437552647942e+03 9.999999982420491040e-01
0.000000000000000000e+00 0.000000000000000000e+00 0.000000000000000000e+00 9.979014931861838704e+03 9.999999998071897878e-01
0.000000000000000000e+00 0.000000000000000000e+00 0.000000000000000000e+00 9.994930426171027648e+03 9.999999951767912787e-01
