6.764563886881608257e-01 1.545638868816079370e-02 1.454361131183912192e-02
6.522750959563158313e-01 1.627509595631582151e-02 1.472490404368420602e-02
6.931324305847316181e-01 1.513243058473157099e-02 1.486756941526834463e-02
7.017251064229846902e-01 1.572510642298463601e-02 1.427489357701527961e-02
7.665841055577904406e-01 1.458410555779043882e-02 1.341589444220958605e-02
6.200081274899518213e-01 1.600812748995183998e-02 1.499187251004818755e-02
5.374088662327386468e-01 1.640886623273862810e-02 1.559113376726140032e-02
5.971452616397705526e-01 1.614526163977059170e-02 1.485473836022943583e-02
6.249477023847117563e-01 1.594770238471177048e-02 1.505229761528825705e-02
6.310103605251894399e-01 1.601036052518944874e-02 1.498963947481057879e-02
4.784201711392402356e-01 1.642017113924021388e-02 1.557982886075975903e-02
4.540160370282192437e-01 1.701603702821924413e-02 1.598396297178072967e-02
5.347423136712147196e-01 1.674231367121470360e-02 1.525768632878532483e-02
4.731074211658608530e-01 1.610742116586083572e-02 1.589257883413913719e-02
4.660252718776635716e-01 1.702527187766356143e-02 1.597472812233641237e-02
5.133492945444313449e-01 1.634929454443134755e-02 1.565070545556868087e-02
5.069770369155196521e-01 1.697703691551966099e-02 1.602296308448036832e-02
5.358036711409288610e-01 1.680367114092884417e-02 1.519632885907118425e-02
5.162663104959762661e-01 1.626631049597626610e-02 1.573368950402376232e-02
5.571064528507522207e-01 1.610645285075218425e-02 1.589354714924773315e-02
4.435919718807549983e-01 1.659197188075500762e-02 1.540802811924502080e-02
4.305258515133944530e-01 1.652585151339447389e-02 1.547414848660555453e-02
4.841022077178399607e-01 1.610220771783993365e-02 1.589779228216003926e-02
3.990998263423163883e-01 1.609982634231638121e-02 1.490017365768359081e-02
4.140062758937478327e-01 1.600627589374781223e-02 1.499372410625215979e-02
4.166915756777272439e-01 1.669157567772722173e-02 1.530842432227275118e-02
3.711571189897109879e-01 1.615711898971100569e-02 1.484288101028902185e-02
3.732043023135467319e-01 1.620430231354674788e-02 1.479569768645327965e-02
3.315526561286829543e-01 1.555265612868295122e-02 1.444734387131701991e-02
2.990868804047192020e-01 1.508688040471922731e-02 1.391311959528079845e-02
2.906681039510804476e-01 1.466810395108042453e-02 1.433189604891954572e-02
2.770105958233644028e-01 1.501059582336439213e-02 1.398940417663557811e-02
2.468105421533273724e-01 1.481054215332736068e-02 1.318945784667263643e-02
2.373101034334500758e-01 1.431010343345007207e-02 1.368989656654992504e-02
1.593660389927923915e-01 1.236603899279239971e-02 1.163396100720762161e-02
2.280785532201892452e-01 1.407855322018924937e-02 1.292144677981074685e-02
2.755083279631330706e-01 1.450832796313306083e-02 1.349167203686690852e-02
4.262983249768503291e-01 1.629832497685035353e-02 1.570167502314967489e-02
4.828437145159891197e-01 1.684371451598909442e-02 1.515628548401087849e-02
6.071644995345990559e-01 1.616449953459908606e-02 1.483550046540094147e-02
6.456297942655285782e-01 1.562979426552857376e-02 1.537020573447145377e-02
6.423770288791925687e-01 1.637702887919256778e-02 1.462297112080745976e-02
5.314422739283913844e-01 1.644227392839137103e-02 1.555772607160865739e-02
2.833329643930878050e-01 1.533296439308778902e-02 1.366703560691218122e-02
1.752923283632615292e-01 1.329232836326152412e-02 1.170767163673847033e-02
1.495699273402057161e-01 1.156992734020570457e-02 1.143007265979428810e-02
1.343693891239547689e-01 1.136938912395477064e-02 1.063061087604522115e-02
1.309626117742859475e-01 1.096261177428595190e-02 1.003738822571403899e-02
9.389253959760460178e-02 9.892539597604596557e-03 9.107460402395392562e-03
9.345055484461224637e-02 1.045055484461224204e-02 8.549445155387747075e-03
9.347114077804493659e-01 8.711407780449320626e-03 8.288592219550583451e-03
