5.893435680977685692e-02 7.934356809776860198e-03 7.065643190223146186e-03
6.862970112399024991e-01 1.529701123990245826e-02 1.470298876009745737e-02
1.883577319760978697e-01 1.335773197609788077e-02 1.164226802390214144e-02
2.130054264079425386e-01 1.400542640794252836e-02 1.299457359205746787e-02
2.356144669440495276e-01 1.461446694404952562e-02 1.338553305595047149e-02
2.280499668251805279e-01 1.404996682518053208e-02 1.295003317481946414e-02
2.189900950069123831e-01 1.399009500691239527e-02 1.300990499308762871e-02
2.283911437184743820e-01 1.439114371847438623e-02 1.260885628152561000e-02
3.897297833721756199e-01 1.572978337217562084e-02 1.527021662782440670e-02
4.689303708130911907e-01 1.693037081309117786e-02 1.506962918690879505e-02
6.412496542828458601e-01 1.624965428284586011e-02 1.475034571715416742e-02
6.752297021911969344e-01 1.522970219119690327e-02 1.477029780880301235e-02
6.404937758865416608e-01 1.649377588654166171e-02 1.550622411345836671e-02
5.970324698928995977e-01 1.603246989289963675e-02 1.496753010710039078e-02
4.975641496964703925e-01 1.656414969647040936e-02 1.543585030352961907e-02
4.331963662415497796e-01 1.619636624154979776e-02 1.580363375845023066e-02
3.713717911077372702e-01 1.637179110773728796e-02 1.462820889226273957e-02
4.295872084452857509e-01 1.658720844528577265e-02 1.541279155471425577e-02
3.488102901503365438e-01 1.581029015033652563e-02 1.518970984966344639e-02
3.473023478947718234e-01 1.530234789477180612e-02 1.469765210522816501e-02
3.405086340287758473e-01 1.550863402877583619e-02 1.449136597122413495e-02
3.785181039980393125e-01 1.651810399803932405e-02 1.548189600196070437e-02
4.081581239577697917e-01 1.615812395776977661e-02 1.484187604223019541e-02
4.397826468865839167e-01 1.678264688658392956e-02 1.521735311341609886e-02
4.373709655692775145e-01 1.637096556927752911e-02 1.562903443072249932e-02
4.938667089843554181e-01 1.686670898435543853e-02 1.513329101564458989e-02
5.086340059198770636e-01 1.663400591987707067e-02 1.536599408012295775e-02
5.358531425469423848e-01 1.685314254694236791e-02 1.514685745305766051e-02
5.097807954158584121e-01 1.678079541585841827e-02 1.521920458414161015e-02
5.717418053608752659e-01 1.674180536087521709e-02 1.525819463912470031e-02
5.620061259718687197e-01 1.700612597186867969e-02 1.599387402813123860e-02
5.139278183013917811e-01 1.692781830139178378e-02 1.607218169860824553e-02
5.502648091346370451e-01 1.626480913463701494e-02 1.573519086536290246e-02
5.115815741142688555e-01 1.658157411426885997e-02 1.541842588573116846e-02
5.371461223328081180e-01 1.614612233280809939e-02 1.585387766719192904e-02
5.720908197122582806e-01 1.609081971225823082e-02 1.590918028774168658e-02
5.455381497951123926e-01 1.653814979511236682e-02 1.546185020488766160e-02
6.050292392540058684e-01 1.602923925400590033e-02 1.497076074599412721e-02
5.640765809378376350e-01 1.607658093783759234e-02 1.592341906216232505e-02
5.510507389272851775e-01 1.605073892728514640e-02 1.594926107271477100e-02
6.590074467937077074e-01 1.600744679370769141e-02 1.499255320629233612e-02
6.010991861240132517e-01 1.609918612401328719e-02 1.490081387598674034e-02
6.258322696674785135e-01 1.583226966747852682e-02 1.516773033252150071e-02
6.957728746705086342e-01 1.577287467050858538e-02 1.422712532949133024e-02
7.033040128998730989e-01 1.530401289987315394e-02 1.469598710012687270e-02
6.640803253056789535e-01 1.608032530567893303e-02 1.491967469432109450e-02
6.650518081423989480e-01 1.605180814239892673e-02 1.494819185760110081e-02
7.134089726381463992e-01 1.540897263814644536e-02 1.459102736185358129e-02
7.411266671249823190e-01 1.512666712498234034e-02 1.387333287501768542e-02
7.504024504517391447e-01 1.440245045173915717e-02 1.359754954826086770e-02
6.150001095508521587e-01 1.600010955085218178e-02 1.499989044914784575e-02
