2.698066240177542929e-01 2.080662401775429382e-02 1.919337598224568620e-02
4.327556210507194079e-01 2.275562105071943231e-02 2.224437894928060766e-02
4.472072823139236486e-01 2.320728231392366059e-02 2.179271768607632387e-02
5.750210267398246922e-01 2.302102673982464598e-02 2.197897326017528297e-02
6.087082511253667505e-01 2.270825112536678514e-02 2.129174887463325394e-02
6.901562612994732726e-01 2.115626129947323353e-02 2.084373870052669275e-02
7.241526260936080872e-01 2.115262609360812895e-02 1.984737390639190746e-02
8.157134708533190226e-01 1.871347085331898086e-02 1.728652914668094009e-02
9.094419050936383142e-01 1.444190509363829644e-02 1.355809490636172843e-02
9.322289953515763283e-01 1.222899535157628836e-02 1.177100464842362193e-02
9.725559840822997071e-01 8.555984082299739057e-03 7.444015917700275153e-03
9.951891939144338339e-01 4.189193914433841925e-03 2.810806085566164292e-03
9.841245329368245587e-01 7.124532936824579110e-03 6.875467063175433324e-03
9.757437120827104904e-01 8.743712082710519695e-03 7.256287917289494516e-03
9.497606925633805819e-01 1.076069256338063607e-02 1.023930743661938259e-02
9.081855153534206249e-01 1.418551535342060799e-02 1.281448464657941599e-02
8.067071369043244955e-01 1.870713690432446175e-02 1.729286309567545921e-02
7.587168834952806584e-01 1.971688349528066819e-02 1.928311650471936645e-02
6.741713062531270451e-01 2.217130625312702108e-02 2.082869374687290609e-02
5.027093527035647602e-01 2.370935270356477886e-02 2.229064729643526199e-02
6.217071731384119504e-01 2.270717313841197349e-02 2.129282686158806559e-02
5.164777698382192472e-01 2.347776983821925345e-02 2.252223016178078741e-02
4.688600939422019054e-01 2.286009394220189783e-02 2.213990605779808662e-02
3.768987315561062035e-01 2.289873155610622213e-02 2.110126844389381695e-02
2.549696969840792304e-01 1.996969698407924376e-02 1.903030301592079088e-02
2.062694692622922266e-01 1.926946926229222701e-02 1.773053073770777810e-02
1.262152180018712988e-01 1.521521800187129736e-02 1.478478199812868765e-02
8.759258264461464161e-02 1.359258264461464527e-02 1.240741735538536394e-02
6.190289111004012440e-02 1.190289111004012162e-02 1.009710888995987016e-02
5.496058563670499358e-02 1.096058563670499614e-02 1.003941436329500864e-02
9.644457004252408872e-02 1.344457004252408439e-02 1.255542995747591095e-02
