1.389573447995466060e-01 1.595734479954660778e-02 1.504265520045339199e-02
6.597855369210842147e-02 1.197855369210842208e-02 1.102144630789157753e-02
4.206572110190865549e-02 1.006572110190865482e-02 8.934278898091341237e-03
6.668513676705292714e-02 1.168513676705292686e-02 1.131486323294707275e-02
7.206019737101884703e-02 1.206019737101884926e-02 1.093980262898115730e-02
1.026958865782112290e-01 1.469588657821123412e-02 1.330411342178877687e-02
1.371730882794968409e-01 1.617308827949684447e-02 1.482691172050315531e-02
1.957416942989057551e-01 1.874169429890576444e-02 1.725830570109423978e-02
2.567355877032145295e-01 2.073558770321454192e-02 1.926441229678549361e-02
3.967187769858334656e-01 2.271877698583346650e-02 2.128122301416651707e-02
6.779480259293860778e-01 2.194802592938605024e-02 2.105197407061387693e-02
7.398201016980632261e-01 2.082010169806325361e-02 1.917989830193678191e-02
8.148414472606150261e-01 1.884144726061498520e-02 1.715855273938493575e-02
8.711785494826784770e-01 1.617854948267849480e-02 1.482145051732153274e-02
8.999351583875082605e-01 1.493515838750825164e-02 1.306484161249177323e-02
9.577191067451581441e-01 1.071910674515819117e-02 9.280893254841826590e-03
9.058896253646773200e-01 1.388962536467730491e-02 1.311037463532271907e-02
8.965555864121902419e-01 1.455558641219023563e-02 1.344441358780978923e-02
8.806274879235255204e-01 1.562748792352552929e-02 1.437251207647449736e-02
8.184352391970721730e-01 1.843523919707212855e-02 1.756476080292779240e-02
7.560523996520166490e-01 2.005239965201666141e-02 1.894760034798337323e-02
6.817710461237751485e-01 2.177104612377511739e-02 2.022895387622480889e-02
4.501159634682732613e-01 2.311596346827327064e-02 2.188403653172671381e-02
4.637292807534598160e-01 2.272928075345981291e-02 2.227071924654017154e-02
3.445303684507338704e-01 2.153036845073386107e-02 2.046963154926612072e-02
2.961139598354002311e-01 2.111395983540020893e-02 1.988604016459977197e-02
1.971531241218232311e-01 1.815312412182323865e-02 1.784687587817676557e-02
1.121323618508987124e-01 1.513236185089870955e-02 1.386763814910128845e-02
1.142371733571760778e-01 1.523717335717607313e-02 1.376282664282392487e-02
7.966796730532695048e-02 1.266796730532694648e-02 1.133203269467304708e-02
1.491333383919773159e-01 1.613333839197730879e-02 1.586666160802269188e-02
