4.805762068640115348e-02 1.005762068640115442e-02 8.942379313598848578e-03
4.075184125215127601e-02 9.751841252151276229e-03 8.248158747848725880e-03
5.780598445174907341e-02 1.080598445174907329e-02 1.019401554825093148e-02
1.215719577488718339e-01 1.557195774887183692e-02 1.442804225112817584e-02
1.908289902124382376e-01 1.882899021243825133e-02 1.717100978756175289e-02
2.951414842667485217e-01 2.114148426674850034e-02 1.985851573325148056e-02
3.749775249433591195e-01 2.297752494335913998e-02 2.202247505664089999e-02
2.776032644618647849e-01 2.060326446186477867e-02 1.939673553813520135e-02
1.800932441496563285e-01 1.809324414965632344e-02 1.690675585034367989e-02
1.142216220947413902e-01 1.522162209474138550e-02 1.377837790525861250e-02
5.044047604910313620e-02 1.044047604910313537e-02 9.559523950896861577e-03
8.648297359717098398e-02 1.348297359717098853e-02 1.251702640282902068e-02
6.876132428510486894e-02 1.176132428510486688e-02 1.123867571489513273e-02
3.747944049529642468e-02 9.479440495296424102e-03 8.520559504703574538e-03
1.283206972766006149e-01 1.532069727660061165e-02 1.467930272339937336e-02
4.415925924355407206e-01 2.259259243554073704e-02 2.240740756445930293e-02
7.506567600239728577e-01 2.065676002397287547e-02 1.934323997602716005e-02
8.202732581367464526e-01 1.827325813674640642e-02 1.772674186325351453e-02
7.076290695110309947e-01 2.162906951103094055e-02 2.037093048896898573e-02
3.326926438909378891e-01 2.169264389093789047e-02 2.130735610906209221e-02
7.763936524067502343e-02 1.263936524067502121e-02 1.136063475932497235e-02
1.163448735915825205e-01 1.534487359158251407e-02 1.365512640841748393e-02
9.020370177103304021e-02 1.320370177103304121e-02 1.279629822896695412e-02
1.094662524994507863e-01 1.446625249945078517e-02 1.353374750054921194e-02
5.214979086562376853e-02 1.114979086562376681e-02 9.850209134376231024e-03
9.631961397748343978e-02 1.431961397748343634e-02 1.268038602251655989e-02
3.205024522167076451e-01 2.150245221670765705e-02 2.049754778329238025e-02
4.461782805194879908e-01 2.317828051948800372e-02 2.182171948051203625e-02
4.961299798732120570e-01 2.312997987321208093e-02 2.187002012678795904e-02
4.288205313925254614e-01 2.282053139252543383e-02 2.217946860747455062e-02
1.691166778644529745e-01 1.711667786445297823e-02 1.688332213554702421e-02
9.240983661470900112e-02 1.340983661470900035e-02 1.259016338529099499e-02
7.890805173517369264e-02 1.290805173517368953e-02 1.209194826482630492e-02
8.807257362764028819e-02 1.407257362764029185e-02 1.292742637235971825e-02
1.264292385962910714e-01 1.542923859629106997e-02 1.457076140370891504e-02
7.901223393611386814e-02 1.301223393611386503e-02 1.198776606388612942e-02
8.550998755459413014e-02 1.350998755459413558e-02 1.249001244540587363e-02
1.578553643278917951e-01 1.685536432789180861e-02 1.614463567210819295e-02
2.878075246797924813e-01 2.080752467979246623e-02 2.019247532020751468e-02
2.562434482937698821e-01 2.024344829376989452e-02 1.975655170623014101e-02
2.128472305092970474e-01 1.884723050929704158e-02 1.815276949070296353e-02
1.152900147462384700e-01 1.529001474623846446e-02 1.370998525376153354e-02
7.436031142341315014e-02 1.236031142341315059e-02 1.163968857658684297e-02
1.077771308086253044e-01 1.477713080862530504e-02 1.322286919137469208e-02
1.207150428992911084e-01 1.571504289929111231e-02 1.428495710070890046e-02
8.990097220762917340e-02 1.390097220762917529e-02 1.309902779237082093e-02
9.376417487383162386e-02 1.376417487383162219e-02 1.323582512616837403e-02
9.249590794180383158e-02 1.349590794180383080e-02 1.250409205819616454e-02
8.477175803393693920e-02 1.277175803393694464e-02 1.222824196606306368e-02
1.063450576780358842e-01 1.434505767803588572e-02 1.365494232196411140e-02
9.774152937027062726e-02 1.374152937027062205e-02 1.325847062972937418e-02
1.013741757048416958e-01 1.437417570484170182e-02 1.362582429515830917e-02
8.929692350796747391e-02 1.329692350796747580e-02 1.270307649203251954e-02
8.057569405646652916e-02 1.257569405646652427e-02 1.242430594353347018e-02
7.716341179713390175e-02 1.316341179713390042e-02 1.183658820286609403e-02
6.865885613395704412e-02 1.165885613395704207e-02 1.134114386604295754e-02
7.525572590859908040e-02 1.225572590859907995e-02 1.174427409140091361e-02
8.860962554535638247e-02 1.360962554535638525e-02 1.239037445464362397e-02
6.244981898119543462e-02 1.144981898119543789e-02 1.055018101880456083e-02
8.175159817197599765e-02 1.275159817197599188e-02 1.224840182802400257e-02
6.371655479925142362e-02 1.171655479925142601e-02 1.028344520074857271e-02
9.322819926591187356e-02 1.422819926591187278e-02 1.277180073408812344e-02
9.048801584340013249e-02 1.348801584340013349e-02 1.251198415659986185e-02
8.129284335714963283e-02 1.329284335714962795e-02 1.170715664285036650e-02
6.139860895755992753e-02 1.139860895755992476e-02 1.060139104244006703e-02
1.129789168572873787e-01 1.497891685728737488e-02 1.402108314271262313e-02
6.973180952836437185e-02 1.173180952836436891e-02 1.126819047163563070e-02
1.172253203283665085e-01 1.522532032836651505e-02 1.377467967163349682e-02
9.229400458808494079e-02 1.429400458808494090e-02 1.270599541191505533e-02
9.877778493610671340e-02 1.377778493610670729e-02 1.322221506389328893e-02
9.045206438128604309e-02 1.345206438128604409e-02 1.254793561871395124e-02
1.262540335174557327e-01 1.525403351745573122e-02 1.474596648254425379e-02
1.200133939491615509e-01 1.501339394916155479e-02 1.398660605083845709e-02
7.904375654870011980e-02 1.304375654870011669e-02 1.195624345129987776e-02
1.041815924987899988e-01 1.418159249879000217e-02 1.381840750120999495e-02
9.964568074001446674e-02 1.464568074001446063e-02 1.335431925998553648e-02
1.267430315999158452e-01 1.574303159991584378e-02 1.425696840008414124e-02
1.299565066922286072e-01 1.595650669222860307e-02 1.504349330777138283e-02
9.070237322913514422e-02 1.370237322913514522e-02 1.229762677086485012e-02
1.088734266433228348e-01 1.487342664332283459e-02 1.412657335667716341e-02
1.248017009437183411e-01 1.580170094371834144e-02 1.419829905628167133e-02
1.159617391903007277e-01 1.496173919030072130e-02 1.403826080969927670e-02
1.261995683553249203e-01 1.519956835532491890e-02 1.480043164467506611e-02
1.044068972118182836e-01 1.440689721181828697e-02 1.359310278818171014e-02
1.441951200895716101e-01 1.619512008957160742e-02 1.580487991042839324e-02
1.272816411754837673e-01 1.528164117548376499e-02 1.471835882451622002e-02
1.104419699214034684e-01 1.444196992140346636e-02 1.355803007859653075e-02
7.745857564067928913e-02 1.245857564067928691e-02 1.154142435932070665e-02
1.196321681708244766e-01 1.563216817082448140e-02 1.436783182917553137e-02
1.520629200376894252e-01 1.706292003768941634e-02 1.593707996231058521e-02
1.226279320554475305e-01 1.562793205544753261e-02 1.437206794455248016e-02
1.286521574460706696e-01 1.565215744607066639e-02 1.434784255392931862e-02
9.151501557530224151e-02 1.351501557530224162e-02 1.248498442469775371e-02
1.256185873606701087e-01 1.561858736067010811e-02 1.438141263932990466e-02
1.083448011979318837e-01 1.434480119793188346e-02 1.365519880206811365e-02
1.225985157243065782e-01 1.559851572430658029e-02 1.440148427569343248e-02
9.881029785252128106e-02 1.381029785252127495e-02 1.318970214747872127e-02
1.099611539184084524e-01 1.496115391840845132e-02 1.403884608159154668e-02
9.391714722863801768e-02 1.391714722863801601e-02 1.308285277136198022e-02
1.015918873117424293e-01 1.459188731174243525e-02 1.340811268825757574e-02
1.354309027821173905e-01 1.643090278211739586e-02 1.556909721788260481e-02
