8.593201542156638784e-01 1.632015421566390678e-02 1.567984578433612164e-02
8.081671796983868061e-01 1.916717969838677149e-02 1.783282030161315035e-02
6.999386781481099495e-01 2.093867814810990158e-02 2.006132185189002382e-02
6.505428427337297537e-01 2.254284273372975100e-02 2.145715726627028808e-02
5.986789283417388585e-01 2.267892834173890204e-02 2.132107165826113704e-02
4.885845264910269048e-01 2.358452649102688037e-02 2.241547350897310498e-02
3.976994385359961526e-01 2.269943853599615258e-02 2.130056146400383099e-02
4.263862606264508526e-01 2.338626062645082770e-02 2.161373937354915675e-02
3.263395479115488995e-01 2.133954791154890618e-02 2.066045208845107561e-02
2.322440713567625603e-01 2.024407135676256630e-02 1.875592864323744058e-02
3.499405541863948033e-01 2.194055418639478949e-02 2.105944581360519319e-02
2.747116565967489543e-01 2.071165659674895076e-02 1.928834340325102925e-02
1.837160523894605935e-01 1.771605238946058480e-02 1.728394761053941853e-02
1.417068637495853267e-01 1.670686374958532672e-02 1.529313625041467395e-02
9.862301571205617234e-02 1.362301571205616624e-02 1.337698428794382999e-02
8.537766969586550736e-02 1.337766969586551280e-02 1.262233030413449641e-02
7.753529587633865849e-02 1.253529587633865627e-02 1.146470412366133729e-02
7.203650950476322978e-02 1.203650950476323200e-02 1.096349049523677455e-02
2.180793296296151818e-01 1.907932962961517154e-02 1.792067037038480581e-02
2.224792547506082852e-01 1.947925475060827138e-02 1.852074524939170685e-02
3.724153445394566830e-01 2.241534453945670524e-02 2.158465546054333384e-02
5.080092645085774183e-01 2.300926450857743166e-02 2.199073549142260831e-02
5.190159749678433521e-01 2.301597496784335561e-02 2.198402503215668435e-02
5.440208137520039511e-01 2.302081375200393243e-02 2.197918624799599652e-02
5.623076281362362483e-01 2.330762813623621366e-02 2.169237186376371529e-02
6.594600048306863416e-01 2.246000483068633091e-02 2.153999516931370817e-02
6.642593099122808820e-01 2.225930991228086686e-02 2.074069008771917133e-02
6.702698442330047301e-01 2.226984423300470972e-02 2.073015576699521745e-02
6.625548514021285529e-01 2.155485140212853867e-02 2.144514859787149952e-02
6.957981975180157486e-01 2.179819751801570504e-02 2.020180248198422124e-02
7.969808460171103892e-01 1.898084601711036434e-02 1.801915398288955750e-02
