expected_fidelities
9.112297174762708e-12
0.004430192979209236
0.0003665237045217505
0.04956453670044272
0.2059522465341594
0.3803565273738328
0.4459023256869488
0.3618617910732096
0.1814807004337463
0.03699171107727248
9.112286241016574e-12
9.112297174762708e-12
0.01352664289545158
0.001122044393941851
0.1465846892565627
0.5388928417864867
0.8427310423542866
0.9175678817169922
0.8175880404030309
0.4847292744686718
0.1103908736617929
9.112261576116299e-12
9.112297174762708e-12
0.006916543327282393
0.0005726178195791054
0.07671256148631285
0.3084361614660102
0.5452671329007802
0.6271810905758408
0.5213937281395742
0.2732825251196462
0.05739335859104344
9.112279021554564e-12
9.112297174762708e-12
0.002493521548382754
0.0002062022760178341
0.02808654140097519
0.1197041043825903
0.2285354432045466
0.2717740908713722
0.2165920785921669
0.1050379449113918
0.0209222586262369
9.112290615123526e-12
9.112297174762708e-12
0.0006236941091200774
5.157490259830797e-05
0.007071896213315703
0.030880094410611
0.06083544216663147
0.07332001853961233
0.05744903797713012
0.02698832449871941
0.005258433722630658
9.112295575779906e-12
9.112297174762708e-12
0.0001559101555025146
1.290473352781798e-05
0.001771237801330658
0.007780825834057165
0.01544785737057529
0.01867931480620459
0.01457504291860487
0.006793477434337442
0.001316450757559626
9.112296803437465e-12
9.112297174762708e-12
3.39363877463409e-05
2.815774153899382e-06
0.0003859777816942292
0.001698074824333339
0.003378044072400032
0.004088146699611755
0.003186454059244846
0.001482221964627856
0.0002868467247925614
9.112297247514847e-12
9.112297174762708e-12
6.224661453749393e-06
5.196673848589436e-07
7.093037655637632e-05
0.0003120964655458925
0.0006211143267456834
0.000751815683582353
0.0005858588358781114
0.0002724116672117214
5.271529078471936e-05
9.112297179249424e-12
9.112297174762708e-12
1.552404397066255e-06
1.310071857198178e-07
1.774562246767074e-05
7.805687155227688e-05
0.0001553403186168793
0.000188030647811648
0.0001465227020661419
6.813246908254297e-05
1.318995720111181e-05
9.112297403622539e-12
9.112297174762708e-12
0
0
0
0
0
0
0
0
0
